0 0.241422 0.613636 0.085784 0.217803
0 0.308211 0.615057 0.055147 0.222538
0 0.395221 0.617898 0.126225 0.220644
0 0.503064 0.618845 0.094363 0.220644
0 0.623775 0.621212 0.149510 0.221591
0 0.758578 0.624527 0.137255 0.222538
0 0.889706 0.625473 0.139706 0.224432
0 0.735294 0.812027 0.259804 0.029356
0 0.767157 0.837121 0.218137 0.032197
0 0.729167 0.858902 0.276961 0.028409
0 0.557598 0.169034 0.377451 0.033144
0 0.621936 0.216383 0.390931 0.031250
0 0.595588 0.257576 0.492647 0.024621
0 0.737745 0.306818 0.237745 0.035985
0 0.638480 0.354640 0.424020 0.029356
