0 0.750946 0.135918 0.271122 0.020499
0 0.752207 0.156863 0.271122 0.023173
0 0.752837 0.178253 0.264817 0.019608
0 0.751576 0.198307 0.282472 0.018717
0 0.752837 0.217914 0.267339 0.020499
0 0.816520 0.275847 0.276166 0.022282
0 0.820303 0.297683 0.271122 0.017825
0 0.817781 0.319519 0.281211 0.015152
0 0.745902 0.333333 0.271122 0.019608
0 0.754098 0.356506 0.269861 0.019608
0 0.749685 0.376560 0.286255 0.018717
0 0.749685 0.393939 0.278689 0.019608
0 0.757881 0.431818 0.295082 0.024064
0 0.824086 0.452763 0.296343 0.019608
0 0.755359 0.510250 0.284994 0.020499
0 0.756620 0.532086 0.290038 0.019608
0 0.756620 0.553030 0.292560 0.016934
0 0.299496 0.664439 0.170240 0.022282
0 0.500631 0.667558 0.113493 0.023173
0 0.697352 0.689394 0.259773 0.020499
0 0.200504 0.857398 0.153846 0.037433
0 0.889660 0.848485 0.139975 0.030303
3 0.843001 0.785651 0.253468 0.036542
