0 0.742749 0.273173 0.310214 0.032977
0 0.743380 0.303476 0.308953 0.031194
0 0.744010 0.334670 0.307692 0.034759
0 0.744010 0.365419 0.312736 0.032086
0 0.745271 0.395276 0.310214 0.031194
0 0.744641 0.426471 0.308953 0.038324
0 0.744641 0.458111 0.311475 0.032086
0 0.743380 0.488859 0.311475 0.034759
0 0.745271 0.519162 0.310214 0.031194
0 0.743380 0.550357 0.311475 0.034759
0 0.742749 0.581105 0.310214 0.032086
0 0.744010 0.611854 0.307692 0.032977
0 0.745271 0.641266 0.307692 0.031194
0 0.829130 0.765597 0.155107 0.024955
0 0.327238 0.844474 0.261034 0.020499
0 0.744641 0.886809 0.306431 0.032086
0 0.744641 0.918004 0.306431 0.033868
0 0.745271 0.948752 0.305170 0.031194
3 0.805801 0.713904 0.199243 0.042781
