0 0.521438 0.147950 0.843632 0.030303
0 0.590794 0.321747 0.712484 0.032086
0 0.444515 0.352941 0.424968 0.040998
0 0.587011 0.388146 0.715006 0.036542
0 0.588272 0.545009 0.712484 0.036542
0 0.589533 0.573975 0.712484 0.033868
0 0.588903 0.627005 0.703657 0.032977
0 0.590794 0.802139 0.707440 0.032086
0 0.587642 0.290998 0.703657 0.032977
0 0.588903 0.656417 0.703657 0.032977
0 0.592686 0.682264 0.703657 0.032977
0 0.587642 0.712567 0.703657 0.032977
0 0.591425 0.741087 0.703657 0.032977
0 0.591425 0.262478 0.703657 0.032977
0 0.590164 0.233066 0.703657 0.032977
0 0.591425 0.204545 0.703657 0.032977
