0 0.278689 0.096257 0.343001 0.033868
0 0.603405 0.095811 0.220681 0.032977
0 0.849306 0.096702 0.190416 0.036542
0 0.610340 0.151961 0.668348 0.031194
0 0.452081 0.209002 0.349306 0.032977
0 0.839218 0.209447 0.210593 0.033868
0 0.430013 0.237077 0.161412 0.030303
0 0.341740 0.291444 0.481715 0.033868
0 0.581967 0.320410 0.134931 0.034759
0 0.794451 0.322193 0.295082 0.036542
0 0.389660 0.377451 0.148802 0.086453
0 0.884615 0.363636 0.119798 0.060606
0 0.697982 0.404635 0.493064 0.033868
0 0.278689 0.482620 0.337957 0.036542
0 0.604035 0.481729 0.219420 0.034759
0 0.850567 0.482620 0.187894 0.036542
0 0.610340 0.538324 0.668348 0.030303
0 0.452081 0.596257 0.354351 0.033868
0 0.838588 0.597594 0.209332 0.034759
0 0.428752 0.624332 0.161412 0.032977
0 0.341110 0.678699 0.480454 0.031194
0 0.584489 0.706328 0.137453 0.036542
0 0.794451 0.707219 0.297604 0.040107
0 0.389660 0.765597 0.153846 0.089127
0 0.883354 0.750446 0.117276 0.060606
0 0.699243 0.792781 0.490542 0.032977
3 0.779950 0.911319 0.245902 0.047237
