0 0.708701 0.056150 0.464061 0.049911
1 0.324716 0.090909 0.034048 0.032086
1 0.408575 0.091355 0.025221 0.032977
1 0.750315 0.091355 0.025221 0.032977
1 0.851828 0.091800 0.029004 0.030303
0 0.282472 0.196524 0.337957 0.034759
0 0.605927 0.196970 0.218159 0.033868
0 0.849937 0.197415 0.186633 0.031194
0 0.629887 0.254011 0.634300 0.035651
0 0.580076 0.295009 0.728878 0.060606
0 0.342371 0.364082 0.122320 0.029412
0 0.840479 0.378342 0.213115 0.061497
0 0.453342 0.390374 0.351828 0.033868
0 0.407314 0.446078 0.262295 0.032977
0 0.610971 0.473708 0.667087 0.032977
0 0.407314 0.501337 0.264817 0.034759
0 0.352459 0.551693 0.152585 0.081996
0 0.515132 0.565954 0.185372 0.053476
0 0.863178 0.552139 0.165195 0.081105
0 0.278689 0.652406 0.337957 0.028520
0 0.604035 0.652852 0.219420 0.029412
0 0.851198 0.651070 0.186633 0.034759
0 0.611602 0.708111 0.665826 0.032977
0 0.451450 0.765152 0.350567 0.031194
0 0.647541 0.794563 0.596469 0.027629
0 0.841740 0.764706 0.213115 0.032086
0 0.341740 0.848485 0.484237 0.033868
0 0.387137 0.906417 0.148802 0.033868
0 0.583228 0.877451 0.137453 0.036542
0 0.795712 0.877005 0.297604 0.037433
0 0.885876 0.905971 0.119798 0.034759
0 0.885246 0.934492 0.121059 0.032977
0 0.388398 0.934938 0.151324 0.035651
0 0.387137 0.962121 0.153846 0.032977
0 0.699243 0.962121 0.488020 0.032977
