0 0.839218 0.057041 0.180328 0.019608
0 0.554855 0.139483 0.148802 0.024064
0 0.694199 0.139483 0.150063 0.025847
0 0.851828 0.138146 0.180328 0.028520
0 0.710593 0.179590 0.462799 0.025847
0 0.710593 0.198752 0.465322 0.026738
0 0.710593 0.218360 0.460277 0.024955
0 0.709332 0.238414 0.460277 0.025847
0 0.709332 0.259358 0.460277 0.026738
0 0.709962 0.299020 0.459016 0.024064
0 0.710593 0.316399 0.460277 0.026738
0 0.625473 0.337344 0.290038 0.024064
0 0.709332 0.377897 0.465322 0.023173
0 0.710593 0.416221 0.460277 0.024955
0 0.709332 0.443405 0.460277 0.034759
0 0.762926 0.487968 0.350567 0.024064
0 0.710593 0.507130 0.460277 0.024955
0 0.711854 0.528075 0.460277 0.024064
0 0.709332 0.547683 0.460277 0.024064
0 0.711854 0.631907 0.460277 0.023173
0 0.737074 0.613191 0.412358 0.026738
0 0.708071 0.651515 0.465322 0.026738
0 0.709332 0.711676 0.465322 0.024064
0 0.819042 0.730392 0.250946 0.024064
0 0.709332 0.750891 0.460277 0.024064
0 0.816520 0.791444 0.248424 0.023173
0 0.709962 0.810606 0.459016 0.020499
0 0.709332 0.830660 0.460277 0.024955
0 0.834805 0.851604 0.214376 0.024064
0 0.711223 0.889929 0.461538 0.024064
0 0.687264 0.909091 0.413619 0.023173
0 0.710593 0.929144 0.460277 0.024064
0 0.710593 0.950535 0.462799 0.024064
0 0.710593 0.969697 0.460277 0.026738
1 0.607818 0.870321 0.040353 0.027629
