0 0.553922 0.182765 0.115196 0.028409
0 0.733456 0.180871 0.261029 0.030303
0 0.678922 0.202652 0.367647 0.024621
0 0.463235 0.295455 0.365196 0.022727
0 0.712010 0.314867 0.303922 0.021780
0 0.700368 0.425189 0.123775 0.022727
0 0.810662 0.425189 0.101716 0.020833
0 0.751838 0.668561 0.226716 0.022727
0 0.754902 0.594223 0.220588 0.127841
0 0.443015 0.796402 0.229167 0.018939
0 0.442402 0.815814 0.240196 0.016098
0 0.406863 0.833333 0.306373 0.017045
2 0.533701 0.263258 0.018382 0.013258
2 0.708333 0.263258 0.019608 0.017045
0 0.702819 0.510417 0.123775 0.035985
0 0.705270 0.443182 0.123775 0.022727
0 0.699142 0.464015 0.123775 0.022727
0 0.701593 0.484848 0.123775 0.022727
0 0.810662 0.444129 0.101716 0.020833
0 0.809436 0.464962 0.101716 0.020833
0 0.814338 0.484848 0.101716 0.020833
0 0.812500 0.510890 0.102941 0.036932
0 0.682598 0.222538 0.367647 0.024621
0 0.682598 0.241951 0.367647 0.025568
0 0.748162 0.687500 0.226716 0.022727
0 0.751838 0.707386 0.226716 0.022727
0 0.746936 0.723485 0.226716 0.022727
0 0.750613 0.762311 0.226716 0.022727
0 0.750613 0.741477 0.226716 0.022727
0 0.749387 0.778409 0.226716 0.022727
0 0.751838 0.797348 0.226716 0.022727
0 0.750613 0.813447 0.226716 0.022727
0 0.750613 0.833333 0.226716 0.022727
0 0.750613 0.852273 0.226716 0.022727
0 0.751838 0.871212 0.226716 0.022727
0 0.751838 0.890152 0.226716 0.022727
