0 0.752451 0.095170 0.223039 0.017992
0 0.363358 0.262311 0.123775 0.020833
0 0.360907 0.278883 0.121324 0.017992
0 0.480392 0.423295 0.120098 0.018939
0 0.488971 0.443655 0.122549 0.019886
0 0.488971 0.463542 0.125000 0.016098
0 0.485294 0.482008 0.125000 0.018939
0 0.427083 0.588068 0.457108 0.020833
0 0.441789 0.672348 0.427696 0.053030
0 0.262255 0.731061 0.137255 0.043561
0 0.797794 0.715436 0.120098 0.040720
3 0.756127 0.646307 0.205882 0.097538
0 0.751225 0.116951 0.223039 0.025568
0 0.750613 0.264678 0.221814 0.019886
0 0.750000 0.286458 0.223039 0.025568
0 0.749387 0.306818 0.216912 0.018939
0 0.751225 0.323864 0.218137 0.018939
0 0.751225 0.344223 0.220588 0.019886
0 0.750000 0.376420 0.218137 0.050189
0 0.753064 0.409091 0.226716 0.018939
0 0.750613 0.428030 0.221814 0.022727
0 0.751225 0.446496 0.223039 0.019886
0 0.749387 0.464015 0.216912 0.018939
0 0.752451 0.482008 0.215686 0.020833
0 0.751225 0.141572 0.223039 0.025568
0 0.751225 0.168087 0.223039 0.025568
0 0.751838 0.196023 0.221814 0.032197
0 0.751838 0.221117 0.221814 0.019886
0 0.753676 0.241951 0.223039 0.025568
