0 0.744949 0.152096 0.381313 0.034790
0 0.743687 0.175736 0.381313 0.032114
0 0.743687 0.210972 0.381313 0.056200
0 0.743687 0.257360 0.381313 0.056200
0 0.743687 0.305531 0.381313 0.056200
0 0.743056 0.351472 0.380051 0.055308
0 0.717172 0.383140 0.199495 0.016949
0 0.715278 0.396075 0.210859 0.014273
0 0.765152 0.410794 0.227273 0.015165
0 0.783460 0.427743 0.246212 0.015165
0 0.775253 0.454505 0.277778 0.038359
0 0.743056 0.489295 0.382576 0.031222
0 0.874369 0.725245 0.150253 0.017841
3 0.190657 0.679304 0.219697 0.043711
3 0.803662 0.682426 0.190657 0.041035
