0 0.743056 0.129795 0.377525 0.031222
0 0.741162 0.152988 0.376263 0.033006
0 0.741162 0.181088 0.378788 0.041035
0 0.743056 0.214095 0.382576 0.035682
0 0.741162 0.251561 0.378788 0.057092
0 0.741162 0.298394 0.378788 0.054416
0 0.743056 0.345674 0.380051 0.054416
0 0.715278 0.390277 0.203283 0.016949
0 0.707071 0.406780 0.194444 0.017841
0 0.741793 0.421053 0.175505 0.014273
0 0.761364 0.437110 0.194444 0.014273
0 0.775884 0.453613 0.223485 0.015165
0 0.739268 0.474130 0.377525 0.031222
0 0.741162 0.531668 0.383838 0.101695
0 0.767677 0.659233 0.323232 0.055308
0 0.765783 0.706512 0.321970 0.055308
0 0.765152 0.746209 0.320707 0.038359
0 0.765783 0.774309 0.321970 0.032114
0 0.845960 0.853702 0.224747 0.019625
3 0.247475 0.810437 0.227273 0.034790
3 0.753157 0.813113 0.200758 0.036574
