0 0.353554 0.187027 0.650735 0.038826
0 0.264093 0.235795 0.471814 0.037879
0 0.733456 0.236742 0.481618 0.041667
0 0.510417 0.285038 0.327206 0.039773
0 0.155637 0.285038 0.235294 0.032197
0 0.500613 0.336174 0.944853 0.039773
0 0.499387 0.385890 0.947304 0.038826
0 0.501225 0.434186 0.948529 0.038826
0 0.402574 0.525568 0.143382 0.020833
0 0.568627 0.525568 0.139706 0.020833
0 0.568627 0.615057 0.139706 0.021780
0 0.155025 0.578125 0.231618 0.035038
0 0.719363 0.606061 0.115196 0.026515
0 0.719975 0.632102 0.113971 0.023674
0 0.721201 0.656723 0.109069 0.025568
0 0.719975 0.708333 0.109069 0.022727
0 0.721814 0.681818 0.112745 0.024621
0 0.720588 0.733428 0.110294 0.027462
0 0.720588 0.758996 0.110294 0.023674
0 0.231005 0.793087 0.258578 0.025568
0 0.492034 0.794508 0.150735 0.022727
0 0.831495 0.610322 0.091912 0.021780
0 0.831495 0.634470 0.087010 0.022727
0 0.831495 0.661932 0.087010 0.020833
0 0.832108 0.686553 0.085784 0.024621
0 0.833946 0.710227 0.087010 0.020833
0 0.829657 0.736269 0.085784 0.023674
0 0.830882 0.762311 0.088235 0.020833
0 0.829044 0.794981 0.089461 0.023674
0 0.919118 0.794981 0.063725 0.025568
0 0.917892 0.609375 0.058824 0.023674
0 0.917892 0.633049 0.061275 0.023674
0 0.917279 0.659564 0.064951 0.023674
0 0.920956 0.686553 0.060049 0.022727
0 0.917279 0.711648 0.057598 0.017992
0 0.919118 0.734375 0.063725 0.021780
0 0.919118 0.760417 0.061275 0.018939
0 0.278799 0.887311 0.506127 0.034091
0 0.186887 0.933712 0.317402 0.034091
0 0.436275 0.933239 0.191176 0.035038
0 0.577819 0.933239 0.104167 0.035038
0 0.796569 0.932765 0.355392 0.035985
2 0.550858 0.887784 0.020833 0.017992
2 0.632353 0.888731 0.022059 0.019886
2 0.340686 0.558712 0.022059 0.015152
2 0.340686 0.574811 0.019608 0.015152
2 0.340074 0.591383 0.020833 0.016098
2 0.693015 0.185606 0.018382 0.017045
2 0.772672 0.185133 0.018382 0.016098
1 0.693015 0.285985 0.018382 0.017045
