0 0.312736 0.276985 0.226986 0.018733
0 0.649433 0.274309 0.163934 0.018733
0 0.858764 0.272525 0.113493 0.020517
0 0.820933 0.293488 0.194199 0.030330
0 0.521438 0.296164 0.102144 0.030330
0 0.271753 0.298840 0.145019 0.030330
0 0.296974 0.341213 0.190416 0.029438
0 0.656368 0.338091 0.122320 0.030330
0 0.850567 0.337199 0.137453 0.030330
0 0.275536 0.400089 0.150063 0.029438
0 0.274275 0.426405 0.150063 0.030330
0 0.272383 0.458519 0.146280 0.042819
0 0.595839 0.396967 0.109710 0.030330
0 0.858764 0.395183 0.116015 0.032114
0 0.604035 0.424621 0.131148 0.030330
0 0.855612 0.423283 0.127364 0.031222
0 0.730139 0.456289 0.133670 0.045495
0 0.855612 0.455843 0.132409 0.044603
0 0.387137 0.505798 0.249685 0.023194
0 0.387137 0.526316 0.252207 0.023194
0 0.387137 0.546833 0.249685 0.023194
0 0.387137 0.561552 0.252207 0.015165
0 0.779950 0.501784 0.281211 0.024086
0 0.778689 0.523640 0.281211 0.023194
0 0.779950 0.543711 0.283733 0.025870
0 0.779950 0.560214 0.283733 0.017841
0 0.328499 0.625335 0.248424 0.030330
0 0.325977 0.652096 0.245902 0.030330
0 0.598361 0.621766 0.109710 0.030330
0 0.860656 0.619982 0.122320 0.032114
0 0.860025 0.647636 0.123581 0.032114
0 0.730139 0.670830 0.393443 0.017841
0 0.397856 0.704282 0.243380 0.025870
0 0.395334 0.724799 0.248424 0.024086
0 0.396595 0.740856 0.245902 0.016949
0 0.396595 0.754683 0.250946 0.016057
0 0.788777 0.701606 0.268600 0.024086
0 0.790038 0.722569 0.268600 0.023194
0 0.788146 0.738626 0.269861 0.017841
0 0.788146 0.752007 0.269861 0.016057
0 0.318411 0.803747 0.228247 0.014273
0 0.566204 0.816682 0.721311 0.020517
0 0.768600 0.799286 0.311475 0.019625
0 0.732030 0.866637 0.417402 0.013381
0 0.894704 0.884924 0.089533 0.016057
3 0.643758 0.838537 0.604035 0.016057
