0 0.390921 0.356378 0.196721 0.029438
0 0.626734 0.355486 0.110971 0.031222
0 0.868852 0.354148 0.148802 0.032114
0 0.186633 0.503568 0.156368 0.031222
0 0.328499 0.502230 0.122320 0.028546
0 0.434426 0.503122 0.092055 0.032114
0 0.571248 0.500446 0.189155 0.032114
0 0.702396 0.501784 0.078184 0.027654
0 0.784363 0.502230 0.090794 0.026762
0 0.883354 0.500000 0.122320 0.027654
0 0.216267 0.761374 0.200504 0.029438
0 0.215006 0.789028 0.203026 0.027654
0 0.585750 0.757360 0.208071 0.028546
0 0.592055 0.788582 0.208071 0.023194
3 0.774905 0.762712 0.160151 0.046387
0 0.187894 0.533006 0.156368 0.031222
0 0.187894 0.560660 0.156368 0.031222
0 0.189155 0.588314 0.156368 0.031222
0 0.187894 0.616860 0.156368 0.031222
0 0.191677 0.642730 0.156368 0.031222
0 0.190416 0.673060 0.156368 0.031222
0 0.186633 0.699822 0.156368 0.031222
0 0.328499 0.531668 0.122320 0.028546
0 0.324716 0.559322 0.122320 0.028546
0 0.325977 0.586084 0.122320 0.028546
0 0.327238 0.614630 0.122320 0.028546
0 0.328499 0.642284 0.122320 0.028546
0 0.331021 0.670830 0.122320 0.028546
0 0.329760 0.697591 0.122320 0.028546
0 0.433165 0.529884 0.092055 0.032114
0 0.434426 0.557538 0.092055 0.032114
0 0.431904 0.585192 0.092055 0.032114
0 0.434426 0.615522 0.092055 0.032114
0 0.431904 0.643176 0.092055 0.032114
0 0.434426 0.669938 0.092055 0.032114
0 0.433165 0.697591 0.092055 0.032114
0 0.572509 0.529884 0.189155 0.032114
0 0.571248 0.558430 0.189155 0.032114
0 0.571248 0.586084 0.189155 0.032114
0 0.573770 0.613738 0.189155 0.032114
0 0.572509 0.639607 0.189155 0.032114
0 0.573770 0.670830 0.189155 0.032114
0 0.572509 0.697591 0.189155 0.032114
0 0.707440 0.528546 0.078184 0.027654
0 0.703657 0.557092 0.078184 0.027654
0 0.706179 0.583854 0.078184 0.027654
0 0.702396 0.610616 0.078184 0.027654
0 0.702396 0.640054 0.078184 0.027654
0 0.702396 0.669492 0.078184 0.027654
0 0.699874 0.698037 0.078184 0.027654
0 0.788146 0.527208 0.090794 0.026762
0 0.785624 0.556646 0.090794 0.026762
0 0.784363 0.583408 0.090794 0.026762
0 0.785624 0.610169 0.090794 0.026762
0 0.785624 0.640500 0.090794 0.026762
0 0.783102 0.670830 0.090794 0.026762
0 0.786885 0.696699 0.090794 0.026762
0 0.885876 0.527654 0.122320 0.027654
0 0.884615 0.555308 0.122320 0.027654
0 0.884615 0.582962 0.122320 0.027654
0 0.887137 0.610616 0.122320 0.027654
0 0.888398 0.640054 0.122320 0.027654
0 0.887137 0.667707 0.122320 0.027654
0 0.888398 0.694469 0.122320 0.027654
