0 0.704288 0.086084 0.389660 0.049063
0 0.701765 0.145406 0.384615 0.076717
0 0.704288 0.259590 0.387137 0.080285
0 0.704288 0.321588 0.387137 0.054416
0 0.705549 0.375558 0.387137 0.064228
0 0.360656 0.440678 0.214376 0.028546
0 0.359395 0.463872 0.174023 0.024978
0 0.770492 0.481267 0.259773 0.016949
0 0.777427 0.499554 0.208071 0.017841
0 0.689786 0.515611 0.401009 0.017841
0 0.803279 0.541481 0.163934 0.024978
0 0.793190 0.565120 0.168979 0.018733
0 0.810214 0.586084 0.145019 0.017841
0 0.682219 0.603479 0.385876 0.016949
3 0.761034 0.451383 0.253468 0.032114
