0 0.356873 0.130241 0.416141 0.024978
0 0.167718 0.442462 0.131148 0.053524
0 0.277427 0.443800 0.105927 0.052632
0 0.355612 0.444692 0.068096 0.054416
0 0.430013 0.444692 0.098361 0.054416
0 0.542875 0.445584 0.142497 0.054416
0 0.658890 0.446030 0.102144 0.051740
0 0.754098 0.449153 0.100883 0.052632
0 0.850567 0.449599 0.102144 0.051740
0 0.165195 0.487957 0.133670 0.051740
0 0.274905 0.488849 0.105927 0.053524
0 0.351828 0.488849 0.068096 0.053524
0 0.430013 0.489741 0.100883 0.051740
0 0.543506 0.491525 0.141236 0.053524
0 0.656368 0.493756 0.107188 0.050847
0 0.754098 0.494648 0.103405 0.050847
0 0.848045 0.495094 0.102144 0.053524
0 0.315259 0.578055 0.201765 0.028546
0 0.773644 0.630687 0.213115 0.030330
3 0.715006 0.578055 0.320303 0.035682
