0 0.461538 0.234612 0.254729 0.024978
0 0.461538 0.255575 0.254729 0.025870
0 0.460908 0.276093 0.255990 0.025870
0 0.461538 0.297056 0.254729 0.026762
0 0.453972 0.331847 0.254729 0.024978
0 0.453342 0.352364 0.255990 0.024978
0 0.453972 0.372881 0.257251 0.026762
0 0.453342 0.392507 0.255990 0.026762
0 0.453972 0.412578 0.254729 0.024086
0 0.452081 0.469670 0.253468 0.027654
0 0.452711 0.489295 0.257251 0.025870
0 0.411728 0.620428 0.208071 0.031222
0 0.411097 0.644960 0.206810 0.024978
0 0.411097 0.665477 0.206810 0.024978
0 0.409836 0.685549 0.209332 0.025870
0 0.413619 0.706512 0.204288 0.026762
0 0.411728 0.726137 0.203026 0.026762
0 0.412358 0.756913 0.204288 0.045495
0 0.257881 0.795272 0.061791 0.020517
0 0.819042 0.235950 0.190416 0.025870
0 0.819672 0.257360 0.191677 0.025870
0 0.817781 0.277877 0.192938 0.025870
0 0.818411 0.299286 0.191677 0.025870
0 0.816520 0.333185 0.192938 0.025870
0 0.815889 0.353702 0.194199 0.025870
0 0.816520 0.374665 0.192938 0.026762
0 0.816520 0.393845 0.192938 0.025870
0 0.814628 0.414808 0.194199 0.024978
0 0.815259 0.449599 0.192938 0.028546
0 0.813997 0.470116 0.195460 0.028546
0 0.810214 0.622212 0.197982 0.031222
0 0.808953 0.645852 0.200504 0.024978
0 0.808953 0.667261 0.197982 0.026762
0 0.808953 0.686887 0.200504 0.024978
0 0.811475 0.708742 0.192938 0.025870
0 0.811475 0.729260 0.192938 0.025870
0 0.807692 0.759144 0.200504 0.046387
1 0.175914 0.888938 0.023960 0.016949
1 0.340479 0.446922 0.020177 0.014273
1 0.402900 0.446476 0.018916 0.015165
