0 0.353554 0.185606 0.650735 0.037879
0 0.823529 0.187027 0.301471 0.036932
0 0.262868 0.236269 0.471814 0.038826
0 0.733456 0.236269 0.484069 0.040720
0 0.735294 0.285985 0.482843 0.037879
0 0.360907 0.383996 0.136029 0.019886
0 0.518382 0.383523 0.129902 0.020833
0 0.519608 0.471591 0.132353 0.024621
0 0.074755 0.434186 0.068627 0.035038
0 0.144608 0.435133 0.049020 0.036932
0 0.226103 0.434659 0.087010 0.035985
0 0.857843 0.549716 0.088235 0.019886
0 0.709559 0.546402 0.122549 0.028409
0 0.710784 0.571970 0.117647 0.026515
0 0.709559 0.598011 0.115196 0.025568
0 0.712623 0.623106 0.116422 0.024621
0 0.710172 0.650095 0.116422 0.025568
0 0.859681 0.574337 0.091912 0.019886
0 0.856618 0.598958 0.088235 0.021780
0 0.858456 0.624527 0.091912 0.019886
0 0.856005 0.649148 0.087010 0.021780
0 0.859069 0.703598 0.098039 0.024621
0 0.490196 0.700284 0.144608 0.029356
0 0.232843 0.699811 0.262255 0.026515
0 0.501225 0.877367 0.943627 0.033144
0 0.256740 0.921402 0.457108 0.034091
0 0.627451 0.921875 0.299020 0.035038
0 0.872549 0.922822 0.200980 0.033144
1 0.081495 0.794508 0.018382 0.015152
1 0.080882 0.809659 0.019608 0.015152
1 0.080882 0.823864 0.019608 0.015152
1 0.306373 0.410985 0.026961 0.018939
2 0.049632 0.473011 0.028186 0.019886
2 0.048407 0.287405 0.018382 0.017992
2 0.178309 0.286458 0.023284 0.017992
2 0.306985 0.286932 0.018382 0.018939
