0 0.605296 0.110071 0.736444 0.038324
0 0.371375 0.141711 0.268600 0.033868
0 0.782472 0.142157 0.382093 0.032977
0 0.605296 0.182264 0.736444 0.056150
0 0.606557 0.230392 0.736444 0.050802
0 0.605296 0.281640 0.736444 0.060606
0 0.122320 0.566399 0.191677 0.038324
0 0.309584 0.565954 0.195460 0.039216
0 0.498739 0.565954 0.192938 0.040998
0 0.686003 0.566399 0.194199 0.040107
0 0.875158 0.565508 0.196721 0.041889
0 0.122951 0.602050 0.195460 0.040107
0 0.310214 0.601604 0.194199 0.039216
0 0.500000 0.601604 0.192938 0.039216
0 0.685372 0.601604 0.192938 0.040998
0 0.875158 0.602050 0.196721 0.040107
0 0.122951 0.781640 0.195460 0.040998
0 0.310214 0.781194 0.196721 0.041889
0 0.499369 0.781640 0.196721 0.040998
0 0.686003 0.781640 0.191677 0.042781
0 0.874527 0.781194 0.197982 0.041889
0 0.121690 0.817291 0.195460 0.042781
0 0.310845 0.817291 0.195460 0.042781
0 0.499369 0.816845 0.196721 0.041889
0 0.686633 0.817291 0.195460 0.042781
0 0.875788 0.816845 0.195460 0.041889
0 0.465322 0.856506 0.237074 0.012478
0 0.310214 0.868093 0.552333 0.014260
0 0.837327 0.866310 0.269861 0.049911
0 0.836066 0.899733 0.269861 0.027629
1 0.829130 0.661765 0.018916 0.013369
1 0.914880 0.661319 0.018916 0.014260
1 0.828499 0.352496 0.015132 0.013369
1 0.914880 0.352941 0.016393 0.016043
1 0.828499 0.384581 0.017654 0.013369
1 0.914250 0.385027 0.017654 0.014260
1 0.829760 0.418449 0.017654 0.013369
1 0.915511 0.418004 0.017654 0.012478
1 0.829130 0.451426 0.018916 0.013369
1 0.915511 0.451426 0.022699 0.015152
