0 0.799496 0.251783 0.327869 0.024064
0 0.800126 0.277184 0.329130 0.024955
0 0.740227 0.340463 0.448928 0.064171
0 0.802648 0.408645 0.324086 0.024064
0 0.802018 0.432709 0.322825 0.024064
0 0.740227 0.539661 0.448928 0.024064
0 0.800757 0.613636 0.330391 0.024064
0 0.799496 0.638592 0.327869 0.024064
0 0.890290 0.664884 0.148802 0.024955
0 0.798865 0.720588 0.329130 0.025847
0 0.800757 0.746435 0.330391 0.024064
0 0.889660 0.772727 0.147541 0.024955
0 0.323455 0.929144 0.319042 0.024064
0 0.324716 0.956328 0.319042 0.024955
1 0.658890 0.197861 0.031526 0.021390
