0 0.200758 0.163603 0.359848 0.062500
0 0.402936 0.175858 0.050189 0.035539
0 0.448864 0.178922 0.049242 0.031863
0 0.501894 0.178309 0.064394 0.035539
0 0.874527 0.142157 0.213068 0.029412
0 0.849432 0.180760 0.157197 0.020833
0 0.952652 0.183824 0.060606 0.024510
0 0.871686 0.858456 0.209280 0.047794
0 0.106061 0.253064 0.126894 0.045343
0 0.102746 0.294118 0.125947 0.044118
0 0.106061 0.332721 0.126894 0.045343
0 0.106061 0.370711 0.126894 0.045343
0 0.106061 0.409314 0.126894 0.044118
0 0.103693 0.447917 0.125947 0.047794
0 0.103693 0.488971 0.125947 0.046569
0 0.106061 0.527574 0.126894 0.045343
0 0.105114 0.565564 0.125000 0.047794
0 0.106061 0.606005 0.126894 0.045343
0 0.105587 0.645221 0.127841 0.045343
0 0.105587 0.683211 0.127841 0.047794
0 0.106061 0.724877 0.128788 0.052696
0 0.104640 0.762868 0.129735 0.050245
0 0.106534 0.803922 0.127841 0.044118
0 0.271780 0.253064 0.217803 0.047794
0 0.272254 0.291054 0.218750 0.047794
0 0.272254 0.330270 0.218750 0.047794
0 0.272254 0.370711 0.218750 0.050245
0 0.272254 0.411765 0.218750 0.049020
0 0.270833 0.446691 0.217803 0.052696
0 0.272254 0.485907 0.218750 0.050245
0 0.272727 0.526961 0.215909 0.049020
0 0.270833 0.564951 0.221591 0.053922
0 0.274148 0.603554 0.214962 0.047794
0 0.274148 0.642770 0.216856 0.045343
0 0.272727 0.685662 0.215909 0.047794
0 0.274621 0.726103 0.214015 0.047794
0 0.272254 0.762255 0.218750 0.049020
0 0.272254 0.799632 0.220644 0.045343
0 0.401042 0.253064 0.048295 0.042892
0 0.401042 0.292279 0.048295 0.045343
0 0.401042 0.330270 0.048295 0.045343
0 0.401042 0.370711 0.048295 0.042892
0 0.401989 0.409314 0.048295 0.044118
0 0.401042 0.449142 0.050189 0.047794
0 0.401042 0.488358 0.046402 0.045343
0 0.401042 0.526961 0.048295 0.044118
0 0.400095 0.565564 0.046402 0.045343
0 0.401042 0.606618 0.048295 0.044118
0 0.401989 0.642770 0.046402 0.045343
0 0.401042 0.683211 0.046402 0.045343
0 0.401042 0.723039 0.048295 0.046569
0 0.401042 0.764093 0.050189 0.045343
0 0.401042 0.802083 0.048295 0.045343
0 0.446970 0.253064 0.049242 0.042892
0 0.446023 0.292279 0.049242 0.045343
0 0.445549 0.332108 0.050189 0.046569
0 0.446970 0.371324 0.047348 0.044118
0 0.446970 0.411765 0.049242 0.046569
0 0.446970 0.449142 0.049242 0.047794
0 0.445549 0.488358 0.050189 0.045343
0 0.446023 0.527574 0.051136 0.047794
0 0.447917 0.566789 0.051136 0.047794
0 0.446970 0.606618 0.049242 0.044118
0 0.446970 0.644608 0.049242 0.046569
0 0.446970 0.683824 0.051136 0.046569
0 0.445549 0.723652 0.050189 0.047794
0 0.446970 0.764093 0.049242 0.047794
0 0.446970 0.801471 0.049242 0.044118
0 0.499527 0.255515 0.065341 0.045343
0 0.499527 0.292279 0.065341 0.045343
0 0.499527 0.331495 0.065341 0.047794
0 0.499527 0.371324 0.065341 0.044118
0 0.499527 0.411765 0.063447 0.044118
0 0.499527 0.449142 0.063447 0.042892
0 0.499527 0.488358 0.067235 0.042892
0 0.500473 0.603554 0.067235 0.042892
0 0.499527 0.642770 0.067235 0.042892
0 0.500473 0.680760 0.067235 0.042892
0 0.499527 0.721201 0.067235 0.042892
0 0.499527 0.762868 0.067235 0.042892
0 0.500473 0.803309 0.067235 0.042892
0 0.500473 0.563113 0.067235 0.042892
0 0.500473 0.527574 0.067235 0.042892
0 0.553030 0.254289 0.049242 0.047794
0 0.553030 0.764093 0.049242 0.047794
0 0.552083 0.802083 0.049242 0.047794
0 0.552083 0.292279 0.049242 0.047794
0 0.553030 0.329044 0.049242 0.047794
0 0.553030 0.371936 0.049242 0.047794
0 0.553030 0.409314 0.049242 0.046569
0 0.552083 0.449142 0.049242 0.047794
0 0.553030 0.488971 0.049242 0.046569
0 0.553030 0.526961 0.049242 0.046569
0 0.552083 0.564951 0.049242 0.046569
0 0.553030 0.604167 0.049242 0.046569
0 0.552083 0.644608 0.049242 0.046569
0 0.553030 0.684436 0.049242 0.047794
0 0.552083 0.724265 0.049242 0.046569
0 0.606534 0.329657 0.063447 0.044118
0 0.605587 0.252451 0.063447 0.044118
0 0.666193 0.254289 0.063447 0.045343
0 0.604640 0.764093 0.063447 0.045343
0 0.604640 0.802083 0.063447 0.045343
0 0.605587 0.291667 0.063447 0.044118
0 0.605587 0.371324 0.063447 0.044118
0 0.605587 0.487132 0.063447 0.045343
0 0.605587 0.409314 0.063447 0.044118
0 0.605587 0.447304 0.063447 0.044118
0 0.605587 0.524510 0.063447 0.044118
0 0.605587 0.564338 0.063447 0.045343
0 0.605587 0.643995 0.063447 0.045343
0 0.605587 0.604167 0.063447 0.044118
0 0.604640 0.681985 0.063447 0.045343
0 0.604640 0.721814 0.063447 0.044118
0 0.667140 0.806373 0.063447 0.044118
0 0.666193 0.764093 0.063447 0.045343
0 0.666193 0.724265 0.063447 0.044118
0 0.667140 0.683824 0.063447 0.044118
0 0.666193 0.644608 0.065341 0.044118
0 0.665246 0.566789 0.063447 0.045343
0 0.667140 0.526961 0.063447 0.044118
0 0.666193 0.488971 0.063447 0.044118
0 0.666193 0.606618 0.063447 0.044118
0 0.666193 0.449142 0.063447 0.045343
0 0.666193 0.409314 0.063447 0.044118
0 0.666193 0.331495 0.063447 0.045343
0 0.666193 0.371936 0.063447 0.045343
0 0.665246 0.292279 0.063447 0.045343
0 0.735795 0.686275 0.079545 0.044118
0 0.734848 0.762255 0.079545 0.044118
0 0.735795 0.724265 0.079545 0.044118
0 0.734848 0.803922 0.079545 0.044118
0 0.734848 0.642157 0.079545 0.044118
0 0.734848 0.607230 0.079545 0.045343
0 0.734848 0.566789 0.079545 0.045343
0 0.734848 0.529412 0.079545 0.044118
0 0.735795 0.486520 0.079545 0.044118
0 0.735795 0.447304 0.079545 0.044118
0 0.734848 0.409314 0.079545 0.044118
0 0.734848 0.371936 0.079545 0.045343
0 0.735795 0.329657 0.079545 0.044118
0 0.735795 0.294118 0.079545 0.044118
0 0.735795 0.252451 0.079545 0.044118
0 0.874527 0.253064 0.207386 0.045343
0 0.875473 0.800858 0.207386 0.045343
0 0.874527 0.762868 0.207386 0.045343
0 0.874527 0.723039 0.207386 0.044118
0 0.875473 0.685662 0.207386 0.045343
0 0.874527 0.645221 0.207386 0.045343
0 0.874527 0.606005 0.207386 0.045343
0 0.875473 0.568015 0.207386 0.045343
0 0.874527 0.528186 0.207386 0.044118
0 0.875473 0.485907 0.207386 0.045343
0 0.875473 0.450368 0.207386 0.045343
0 0.875473 0.408088 0.207386 0.044118
0 0.874527 0.373162 0.207386 0.045343
0 0.874527 0.330270 0.207386 0.045343
3 0.570549 0.859681 0.379735 0.037990
