1 0.637453 0.093583 0.031526 0.023173
1 0.781211 0.201872 0.034048 0.022282
1 0.709332 0.202317 0.031526 0.023173
1 0.637453 0.202317 0.031526 0.023173
1 0.709332 0.175579 0.031526 0.023173
1 0.637453 0.174688 0.031526 0.023173
1 0.709332 0.147950 0.031526 0.023173
1 0.637453 0.147950 0.031526 0.023173
1 0.709332 0.120321 0.031526 0.023173
1 0.637453 0.121212 0.031526 0.023173
1 0.709332 0.093583 0.031526 0.023173
1 0.710593 0.228610 0.034048 0.022282
1 0.781211 0.229501 0.034048 0.022282
1 0.779950 0.256239 0.034048 0.022282
1 0.779950 0.282977 0.034048 0.022282
1 0.781211 0.309715 0.034048 0.022282
1 0.781211 0.336453 0.034048 0.022282
1 0.708701 0.443850 0.035309 0.024955
1 0.638714 0.363191 0.034048 0.022282
1 0.709332 0.336453 0.034048 0.022282
1 0.638714 0.336453 0.034048 0.022282
1 0.710593 0.309715 0.036570 0.024064
1 0.638714 0.309715 0.034048 0.022282
1 0.709332 0.282977 0.034048 0.022282
1 0.638714 0.282977 0.034048 0.022282
1 0.710593 0.255348 0.034048 0.022282
1 0.638714 0.256239 0.034048 0.022282
1 0.638714 0.229501 0.034048 0.022282
1 0.707440 0.417112 0.035309 0.024955
1 0.709962 0.390374 0.035309 0.024955
1 0.709962 0.362745 0.035309 0.024955
1 0.709962 0.497326 0.035309 0.024955
1 0.708701 0.524955 0.035309 0.024955
1 0.709962 0.551693 0.035309 0.024955
1 0.709962 0.578431 0.035309 0.024955
1 0.709962 0.606061 0.035309 0.024955
1 0.709962 0.632799 0.035309 0.024955
1 0.780580 0.632799 0.035309 0.024955
1 0.780580 0.605169 0.035309 0.024955
1 0.780580 0.579323 0.035309 0.024955
1 0.638083 0.444742 0.035309 0.024955
1 0.638083 0.470588 0.035309 0.024955
1 0.638083 0.498217 0.035309 0.024955
1 0.638083 0.525847 0.035309 0.024955
1 0.638083 0.551693 0.035309 0.024955
1 0.640605 0.578431 0.035309 0.024955
1 0.639344 0.605169 0.035309 0.024955
1 0.639344 0.632799 0.035309 0.024955
1 0.639344 0.390374 0.035309 0.024955
1 0.780580 0.363636 0.035309 0.024955
1 0.638083 0.418004 0.035309 0.024955
1 0.300126 0.712121 0.035309 0.024955
1 0.370744 0.711230 0.035309 0.024955
0 0.414880 0.803476 0.267339 0.066845
0 0.595839 0.803922 0.099622 0.064171
0 0.690416 0.803922 0.099622 0.064171
0 0.784994 0.802585 0.099622 0.065062
0 0.880832 0.803030 0.099622 0.065954
