0 0.536458 0.166667 0.841856 0.034314
0 0.323864 0.196078 0.354167 0.031863
0 0.767045 0.195466 0.378788 0.033088
0 0.551610 0.224877 0.809659 0.033088
0 0.857481 0.253676 0.197917 0.029412
0 0.716383 0.306985 0.078598 0.028186
0 0.805398 0.431373 0.260417 0.031863
0 0.716383 0.390319 0.078598 0.028186
0 0.714489 0.349877 0.078598 0.028186
0 0.816288 0.474265 0.274621 0.031863
0 0.815341 0.514093 0.278409 0.030637
0 0.678504 0.555147 0.550189 0.031863
0 0.706439 0.595588 0.058712 0.029412
0 0.769886 0.636642 0.187500 0.030637
0 0.752367 0.678309 0.148674 0.028186
0 0.733902 0.719975 0.113636 0.030637
0 0.751420 0.761642 0.148674 0.030637
0 0.770360 0.802083 0.184659 0.025735
0 0.750947 0.845588 0.151515 0.029412
