0 0.281211 0.268717 0.090794 0.024064
0 0.385246 0.269162 0.089533 0.024955
0 0.490542 0.269608 0.090794 0.024064
0 0.443884 0.356506 0.320303 0.023173
0 0.770492 0.357843 0.320303 0.024064
0 0.387768 0.428253 0.210593 0.025847
0 0.351828 0.516043 0.138714 0.024955
0 0.678436 0.516043 0.504414 0.024955
0 0.443884 0.553476 0.320303 0.023173
0 0.770492 0.553476 0.320303 0.023173
0 0.607818 0.651961 0.650694 0.047237
0 0.649433 0.721925 0.431274 0.021390
0 0.651955 0.741533 0.431274 0.021390
0 0.650694 0.761141 0.431274 0.021390
0 0.649433 0.782531 0.431274 0.021390
0 0.897856 0.722371 0.065574 0.022282
0 0.896595 0.742870 0.065574 0.022282
0 0.899117 0.761586 0.065574 0.022282
0 0.896595 0.782086 0.065574 0.022282
0 0.390921 0.917558 0.219420 0.068627
0 0.606557 0.919340 0.219420 0.068627
0 0.823455 0.919340 0.219420 0.068627
1 0.299496 0.614082 0.036570 0.024955
1 0.385246 0.613636 0.034048 0.024064
1 0.300126 0.860517 0.032787 0.022282
1 0.837957 0.860517 0.034048 0.025847
