1 0.297710 0.094029 0.033079 0.024064
1 0.297710 0.479055 0.033079 0.024064
1 0.403308 0.479947 0.033079 0.024064
1 0.402672 0.412210 0.031807 0.024064
1 0.297710 0.412210 0.033079 0.024064
1 0.616412 0.094029 0.031807 0.024064
0 0.610687 0.478164 0.145038 0.024064
0 0.835878 0.410873 0.195929 0.023173
0 0.840331 0.478164 0.080153 0.024064
0 0.837150 0.505793 0.081425 0.024064
0 0.228372 0.677362 0.324427 0.037433
0 0.830153 0.670232 0.212468 0.024955
0 0.526718 0.208111 0.183206 0.022282
0 0.527990 0.228610 0.183206 0.022282
0 0.527990 0.249109 0.183206 0.022282
0 0.527990 0.269162 0.183206 0.023173
0 0.526718 0.289216 0.183206 0.022282
0 0.526718 0.309715 0.183206 0.022282
0 0.527990 0.329768 0.183206 0.023173
0 0.526718 0.188948 0.183206 0.023173
0 0.688295 0.188503 0.147583 0.024064
0 0.690840 0.209002 0.147583 0.024064
0 0.687023 0.228610 0.147583 0.024064
0 0.688295 0.246435 0.147583 0.024064
0 0.690840 0.268717 0.147583 0.024064
0 0.690840 0.289216 0.147583 0.024064
0 0.691476 0.309715 0.148855 0.024064
0 0.688295 0.330214 0.147583 0.024064
0 0.846056 0.187611 0.175573 0.020499
0 0.846056 0.207219 0.175573 0.020499
0 0.846056 0.227718 0.175573 0.020499
0 0.845420 0.248217 0.176845 0.020499
0 0.845420 0.267380 0.176845 0.021390
0 0.846056 0.288324 0.175573 0.020499
0 0.844784 0.308824 0.175573 0.020499
0 0.844784 0.328877 0.175573 0.021390
3 0.555344 0.675579 0.324427 0.037433
