0 0.381679 0.259358 0.203562 0.026738
0 0.379135 0.325312 0.195929 0.023173
0 0.543257 0.419340 0.193384 0.025847
0 0.842875 0.420232 0.187023 0.024064
0 0.609415 0.521390 0.656489 0.065954
0 0.608779 0.817291 0.655216 0.064171
0 0.608142 0.652406 0.656489 0.024955
0 0.379135 0.715686 0.195929 0.023173
1 0.298346 0.098485 0.031807 0.024064
1 0.604326 0.098485 0.035623 0.024064
1 0.541985 0.627005 0.035623 0.024064
1 0.296438 0.627005 0.035623 0.024064
1 0.296438 0.393494 0.035623 0.024064
1 0.384224 0.393494 0.035623 0.024064
1 0.296438 0.192959 0.035623 0.024064
1 0.296438 0.165330 0.035623 0.024064
