0 0.435687 0.289661 0.308953 0.083779
0 0.645649 0.290107 0.116015 0.084670
0 0.759773 0.291444 0.117276 0.085561
0 0.872636 0.290107 0.116015 0.082888
0 0.454603 0.554813 0.344262 0.065062
0 0.699874 0.554813 0.156368 0.063280
0 0.851828 0.554813 0.157629 0.061497
0 0.650063 0.810606 0.561160 0.045455
1 0.595208 0.098485 0.032787 0.022282
1 0.675914 0.178699 0.032787 0.024064
1 0.674653 0.151070 0.032787 0.024064
1 0.674653 0.124332 0.032787 0.024064
1 0.595208 0.177807 0.032787 0.024064
1 0.595208 0.151070 0.032787 0.024064
1 0.595208 0.124332 0.032787 0.024064
1 0.675914 0.097594 0.032787 0.024064
1 0.675914 0.436275 0.032787 0.024064
1 0.675914 0.409537 0.032787 0.024064
1 0.674653 0.382799 0.032787 0.024064
1 0.593947 0.436275 0.032787 0.024064
1 0.593947 0.409537 0.032787 0.024064
1 0.593947 0.381907 0.032787 0.024064
1 0.631778 0.937166 0.032787 0.024064
1 0.298235 0.937166 0.034048 0.022282
1 0.384615 0.763369 0.032787 0.024064
1 0.298865 0.762478 0.032787 0.024064
