0 0.119792 0.230392 0.154356 0.117647
0 0.121686 0.340686 0.154356 0.117647
0 0.120739 0.443627 0.154356 0.117647
0 0.120739 0.553922 0.154356 0.117647
0 0.119792 0.661765 0.154356 0.117647
0 0.119792 0.773284 0.154356 0.117647
0 0.119792 0.882353 0.154356 0.117647
0 0.280777 0.229779 0.175189 0.116422
0 0.280777 0.340074 0.175189 0.116422
0 0.280777 0.446691 0.175189 0.116422
0 0.278883 0.555760 0.175189 0.116422
0 0.279830 0.664828 0.175189 0.116422
0 0.278883 0.771446 0.175189 0.116422
0 0.279830 0.880515 0.175189 0.116422
0 0.439394 0.229167 0.157197 0.117647
0 0.440341 0.338235 0.157197 0.117647
0 0.440341 0.448529 0.157197 0.117647
0 0.441288 0.555147 0.157197 0.117647
0 0.440341 0.662990 0.157197 0.117647
0 0.440341 0.770833 0.157197 0.117647
0 0.439394 0.881127 0.157197 0.117647
0 0.588542 0.229779 0.148674 0.118873
0 0.589489 0.338848 0.148674 0.118873
0 0.589489 0.446691 0.148674 0.118873
0 0.590436 0.554534 0.148674 0.118873
0 0.590436 0.663603 0.148674 0.118873
0 0.588542 0.771446 0.148674 0.118873
0 0.589489 0.882966 0.148674 0.118873
0 0.731061 0.228554 0.143939 0.116422
0 0.731061 0.338848 0.143939 0.116422
0 0.733902 0.445466 0.143939 0.116422
0 0.732955 0.553309 0.143939 0.116422
0 0.732008 0.663603 0.143939 0.116422
0 0.732008 0.772672 0.143939 0.116422
0 0.733902 0.881740 0.143939 0.116422
0 0.880682 0.231005 0.159091 0.116422
0 0.883523 0.340074 0.159091 0.116422
0 0.882576 0.444240 0.159091 0.116422
0 0.881629 0.555760 0.159091 0.116422
0 0.880682 0.662377 0.159091 0.116422
0 0.880682 0.772672 0.159091 0.116422
0 0.880682 0.880515 0.159091 0.116422
