0 0.163603 0.166667 0.099265 0.022727
0 0.256740 0.167140 0.096814 0.023674
0 0.164828 0.215436 0.099265 0.021780
0 0.257353 0.215436 0.098039 0.021780
0 0.165441 0.260890 0.098039 0.021780
0 0.257353 0.261837 0.098039 0.021780
0 0.376838 0.289773 0.214461 0.022727
0 0.379902 0.312500 0.210784 0.015152
0 0.377451 0.328598 0.215686 0.015152
0 0.855392 0.299242 0.161765 0.020833
0 0.853554 0.326231 0.165441 0.019886
0 0.539216 0.396307 0.198529 0.025568
0 0.793505 0.397727 0.278186 0.028409
0 0.750000 0.473485 0.387255 0.026515
0 0.839461 0.503314 0.210784 0.027462
0 0.822917 0.548295 0.241422 0.026515
0 0.821691 0.594697 0.238971 0.028409
0 0.338848 0.556818 0.290441 0.028409
0 0.337623 0.618371 0.290441 0.028409
0 0.340074 0.588068 0.290441 0.028409
0 0.289828 0.662879 0.388480 0.026515
0 0.289216 0.707860 0.387255 0.027462
0 0.750613 0.677557 0.388480 0.027462
0 0.813725 0.708333 0.259804 0.026515
0 0.852941 0.738163 0.181373 0.027462
0 0.813725 0.768939 0.259804 0.026515
0 0.289216 0.806818 0.387255 0.026515
0 0.373162 0.851799 0.216912 0.027462
0 0.386642 0.883049 0.192402 0.029356
0 0.289828 0.927083 0.388480 0.026515
0 0.867647 0.799242 0.151961 0.028409
0 0.813113 0.829545 0.258578 0.026515
0 0.643382 0.799716 0.073529 0.027462
0 0.813725 0.859848 0.259804 0.028409
0 0.749387 0.905777 0.388480 0.027462
1 0.568627 0.738636 0.022059 0.018939
1 0.637255 0.738163 0.022059 0.017992
1 0.705882 0.737689 0.022059 0.017045
1 0.283701 0.507576 0.020833 0.017045
1 0.392157 0.507576 0.022059 0.017045
1 0.254902 0.364583 0.022059 0.018939
1 0.779412 0.210701 0.328431 0.127841
1 0.462010 0.208333 0.321078 0.132576
