0 0.337121 0.151961 0.589015 0.039216
0 0.788352 0.151961 0.317235 0.039216
0 0.548295 0.184436 0.797348 0.030637
0 0.266098 0.235907 0.443182 0.040441
0 0.716383 0.233456 0.457386 0.037990
0 0.186080 0.293505 0.285038 0.040441
0 0.478693 0.291667 0.303977 0.039216
0 0.788826 0.292279 0.314394 0.040441
0 0.188920 0.875613 0.288826 0.028186
0 0.482955 0.874387 0.297348 0.028186
0 0.496686 0.931985 0.904356 0.037990
0 0.115530 0.482843 0.143939 0.100490
0 0.116477 0.580270 0.143939 0.099265
0 0.117424 0.673407 0.143939 0.099265
0 0.259943 0.481005 0.150568 0.101716
0 0.260890 0.582721 0.150568 0.101716
0 0.259943 0.673407 0.150568 0.101716
0 0.411932 0.481618 0.155303 0.100490
0 0.411932 0.577206 0.155303 0.100490
0 0.411932 0.674632 0.155303 0.099265
0 0.560133 0.481618 0.146780 0.100490
0 0.560133 0.579657 0.146780 0.100490
0 0.560133 0.676471 0.146780 0.100490
0 0.711174 0.481005 0.164773 0.101716
0 0.711174 0.578431 0.164773 0.102941
0 0.713068 0.673407 0.164773 0.101716
0 0.867424 0.481618 0.160985 0.102941
0 0.869318 0.579657 0.160985 0.102941
0 0.868371 0.674020 0.160985 0.102941
1 0.098011 0.760417 0.029356 0.033088
1 0.642519 0.825368 0.029356 0.033088
1 0.346117 0.825368 0.029356 0.033088
1 0.062027 0.825368 0.029356 0.033088
1 0.300663 0.762868 0.029356 0.033088
1 0.496686 0.762868 0.029356 0.033088
1 0.686080 0.762868 0.029356 0.033088
3 0.789299 0.873775 0.313447 0.029412
