0 0.675858 0.071496 0.121324 0.021780
0 0.675858 0.089489 0.121324 0.021780
0 0.675245 0.107008 0.122549 0.020833
0 0.675245 0.125473 0.122549 0.021780
0 0.794118 0.070549 0.122549 0.023674
0 0.794118 0.089489 0.122549 0.023674
0 0.794118 0.107008 0.122549 0.022727
0 0.794118 0.124527 0.122549 0.023674
0 0.911765 0.071970 0.122549 0.022727
0 0.909314 0.089489 0.122549 0.021780
0 0.909314 0.107008 0.122549 0.022727
0 0.911765 0.126420 0.122549 0.021780
0 0.866422 0.159564 0.198529 0.023674
0 0.865809 0.192235 0.199755 0.022727
0 0.786152 0.233902 0.199755 0.024621
0 0.784314 0.265152 0.198529 0.022727
0 0.892157 0.312027 0.142157 0.023674
0 0.892770 0.524148 0.145833 0.016098
0 0.892770 0.375473 0.145833 0.016098
0 0.890931 0.487689 0.144608 0.017045
0 0.890931 0.471117 0.144608 0.016098
0 0.890931 0.452652 0.144608 0.017045
0 0.890931 0.333333 0.144608 0.017045
0 0.893382 0.392045 0.144608 0.017045
0 0.893382 0.433239 0.144608 0.016098
0 0.890319 0.561080 0.145833 0.016098
0 0.892770 0.578598 0.145833 0.017045
0 0.890931 0.596117 0.144608 0.016098
0 0.890931 0.614583 0.144608 0.017045
0 0.890931 0.634470 0.144608 0.017045
0 0.890319 0.542614 0.145833 0.017045
0 0.890319 0.723958 0.145833 0.016098
0 0.892770 0.820076 0.145833 0.017045
0 0.892770 0.800189 0.145833 0.017045
0 0.892770 0.783617 0.145833 0.016098
0 0.890931 0.892045 0.144608 0.017045
0 0.890319 0.740530 0.145833 0.017045
0 0.890931 0.838542 0.144608 0.016098
0 0.888480 0.705492 0.144608 0.017045
0 0.892770 0.937027 0.145833 0.016098
0 0.890931 0.874527 0.144608 0.016098
0 0.890319 0.919508 0.145833 0.017045
0 0.371936 0.578598 0.297794 0.017045
0 0.373162 0.892045 0.297794 0.017045
1 0.184436 0.162879 0.023284 0.018939
1 0.911765 0.234848 0.022059 0.018939
1 0.585172 0.266098 0.023284 0.018939
1 0.411765 0.267045 0.022059 0.018939
1 0.294118 0.264205 0.022059 0.018939
1 0.184436 0.255208 0.023284 0.017992
1 0.582108 0.234848 0.022059 0.018939
1 0.411765 0.233902 0.022059 0.018939
1 0.286765 0.233902 0.022059 0.018939
1 0.184436 0.233902 0.023284 0.018939
1 0.661765 0.194129 0.022059 0.018939
1 0.536765 0.194129 0.022059 0.018939
1 0.431985 0.195076 0.023284 0.018939
1 0.306985 0.192708 0.023284 0.017992
1 0.183211 0.193655 0.020833 0.017992
1 0.661765 0.163826 0.022059 0.018939
1 0.534314 0.162879 0.022059 0.018939
1 0.306985 0.162879 0.023284 0.018939
1 0.911765 0.266098 0.022059 0.018939
1 0.433211 0.162405 0.025735 0.021780
