1 0.763480 0.077652 0.022059 0.018939
1 0.799020 0.708333 0.022059 0.018939
1 0.852941 0.284091 0.022059 0.018939
1 0.783088 0.285038 0.022059 0.018939
1 0.904412 0.101326 0.022059 0.018939
1 0.834559 0.101326 0.022059 0.018939
1 0.763480 0.102273 0.022059 0.018939
1 0.903186 0.078598 0.022059 0.018939
1 0.833333 0.078598 0.022059 0.018939
1 0.868873 0.785985 0.022059 0.018939
1 0.799020 0.785985 0.022059 0.018939
1 0.870098 0.766098 0.022059 0.018939
1 0.800245 0.766098 0.022059 0.018939
1 0.870098 0.709280 0.022059 0.018939
0 0.381127 0.170928 0.237745 0.021780
0 0.382353 0.189867 0.237745 0.021780
0 0.382353 0.207860 0.237745 0.021780
0 0.617034 0.170928 0.236520 0.021780
0 0.619485 0.188920 0.236520 0.021780
0 0.618260 0.206913 0.236520 0.021780
0 0.852328 0.171402 0.238971 0.022727
0 0.852328 0.189394 0.238971 0.022727
0 0.852328 0.207386 0.238971 0.022727
0 0.890931 0.240530 0.142157 0.022727
0 0.895833 0.315341 0.142157 0.022727
0 0.894608 0.489583 0.142157 0.022727
0 0.894608 0.471591 0.142157 0.022727
0 0.895833 0.452652 0.142157 0.022727
0 0.895833 0.434659 0.142157 0.022727
0 0.897059 0.416667 0.142157 0.022727
0 0.897059 0.398674 0.142157 0.022727
0 0.895833 0.380682 0.142157 0.022727
0 0.892157 0.360795 0.142157 0.022727
0 0.892157 0.581439 0.142157 0.022727
0 0.894608 0.562500 0.142157 0.022727
0 0.894608 0.543561 0.142157 0.022727
0 0.895833 0.525568 0.142157 0.022727
0 0.895833 0.506629 0.142157 0.022727
0 0.526348 0.619792 0.878676 0.023674
0 0.527574 0.641572 0.878676 0.023674
0 0.890319 0.658617 0.150735 0.019886
