0 0.675858 0.111269 0.121324 0.021780
0 0.675858 0.128314 0.121324 0.021780
0 0.677083 0.147254 0.121324 0.021780
0 0.675858 0.165246 0.121324 0.021780
0 0.677083 0.184186 0.121324 0.021780
0 0.677083 0.201231 0.121324 0.021780
0 0.677083 0.220170 0.121324 0.021780
0 0.794118 0.111269 0.122549 0.021780
0 0.794118 0.130208 0.122549 0.021780
0 0.794118 0.147254 0.122549 0.021780
0 0.794118 0.165246 0.122549 0.021780
0 0.794118 0.183239 0.122549 0.021780
0 0.794118 0.201231 0.122549 0.021780
0 0.794118 0.219223 0.122549 0.021780
0 0.912377 0.111269 0.123775 0.021780
0 0.911765 0.129261 0.122549 0.021780
0 0.911765 0.147254 0.122549 0.021780
0 0.912990 0.166193 0.122549 0.021780
0 0.912990 0.183239 0.122549 0.021780
0 0.911765 0.201231 0.122549 0.021780
0 0.912990 0.220170 0.122549 0.021780
0 0.902574 0.259470 0.101716 0.017045
0 0.901348 0.278409 0.101716 0.017045
0 0.900123 0.296402 0.101716 0.017045
0 0.901348 0.316288 0.101716 0.017045
0 0.902574 0.335227 0.101716 0.017045
0 0.902574 0.354167 0.101716 0.017045
0 0.905025 0.371212 0.101716 0.017045
0 0.903799 0.391098 0.101716 0.017045
0 0.901348 0.410038 0.101716 0.017045
0 0.813113 0.433712 0.084559 0.020833
0 0.783088 0.505682 0.343137 0.020833
0 0.830270 0.635890 0.246324 0.021780
0 0.805760 0.698864 0.062500 0.017045
0 0.923407 0.696970 0.067402 0.018939
0 0.893995 0.866004 0.118873 0.019886
0 0.806373 0.930398 0.066176 0.016098
1 0.072917 0.479640 0.023284 0.017992
1 0.510417 0.506155 0.023284 0.017992
1 0.231005 0.506155 0.023284 0.017992
1 0.071691 0.506155 0.023284 0.017992
1 0.229779 0.479640 0.023284 0.017992
1 0.510417 0.480587 0.023284 0.017992
1 0.619485 0.479640 0.023284 0.017992
1 0.782475 0.479640 0.023284 0.017992
1 0.783088 0.547822 0.024510 0.017992
1 0.601716 0.637784 0.024510 0.017992
1 0.854167 0.570549 0.024510 0.017992
1 0.783088 0.570549 0.024510 0.017992
1 0.854167 0.547822 0.024510 0.017992
0 0.813725 0.592803 0.085784 0.020833
1 0.852941 0.887784 0.024510 0.017992
1 0.783088 0.887784 0.024510 0.017992
1 0.110294 0.843277 0.024510 0.017992
1 0.230392 0.843277 0.024510 0.017992
1 0.111520 0.803504 0.024510 0.017992
1 0.231618 0.803504 0.024510 0.017992
1 0.368873 0.803504 0.024510 0.017992
1 0.368873 0.843277 0.024510 0.017992
1 0.601716 0.744792 0.024510 0.017992
1 0.854167 0.678504 0.024510 0.017992
1 0.783088 0.678504 0.024510 0.017992
1 0.367647 0.638731 0.024510 0.017992
1 0.230392 0.637784 0.024510 0.017992
1 0.089461 0.637784 0.024510 0.017992
1 0.783088 0.910511 0.024510 0.017992
1 0.852941 0.909564 0.024510 0.017992
1 0.310049 0.744792 0.024510 0.017992
1 0.072304 0.743845 0.024510 0.017992
