0 0.890931 0.107955 0.147059 0.017045
0 0.892157 0.342803 0.147059 0.017045
0 0.890931 0.324811 0.147059 0.017045
0 0.894608 0.230114 0.147059 0.017045
0 0.894608 0.165720 0.147059 0.017045
0 0.894608 0.146780 0.147059 0.017045
0 0.889706 0.306818 0.147059 0.017045
0 0.893382 0.196023 0.147059 0.017045
0 0.892157 0.287879 0.147059 0.017045
0 0.894608 0.127841 0.147059 0.017045
0 0.892157 0.484848 0.147059 0.017045
0 0.890931 0.754735 0.147059 0.017045
0 0.892157 0.736742 0.147059 0.017045
0 0.892157 0.677083 0.147059 0.017045
0 0.892157 0.607955 0.147059 0.017045
0 0.890931 0.696023 0.147059 0.017045
0 0.892157 0.542614 0.147059 0.017045
0 0.892157 0.783144 0.147059 0.017045
0 0.890931 0.801136 0.147059 0.017045
0 0.884804 0.256629 0.159314 0.017045
0 0.309436 0.411458 0.138480 0.029356
0 0.309436 0.439867 0.138480 0.029356
0 0.444240 0.411458 0.136029 0.029356
0 0.443015 0.439867 0.136029 0.029356
0 0.577819 0.410985 0.138480 0.030303
0 0.579044 0.439394 0.138480 0.030303
0 0.711397 0.411458 0.136029 0.029356
0 0.712623 0.438920 0.136029 0.029356
0 0.875613 0.411932 0.194853 0.030303
0 0.876838 0.438447 0.194853 0.030303
1 0.762868 0.463542 0.023284 0.017992
1 0.903799 0.463542 0.023284 0.017992
1 0.833946 0.464489 0.023284 0.017992
1 0.853554 0.561080 0.023284 0.017992
1 0.783701 0.562027 0.023284 0.017992
1 0.853554 0.512784 0.023284 0.017992
1 0.783701 0.512784 0.023284 0.017992
