0 0.352328 0.160511 0.248775 0.023674
0 0.662990 0.161932 0.250000 0.024621
0 0.797794 0.289773 0.313725 0.022727
0 0.836397 0.828598 0.243873 0.028409
0 0.569240 0.899621 0.783088 0.022727
0 0.420956 0.355587 0.160539 0.021780
0 0.420956 0.373580 0.160539 0.021780
0 0.577819 0.354640 0.160539 0.021780
0 0.734681 0.354640 0.160539 0.021780
0 0.890319 0.354640 0.160539 0.021780
0 0.576593 0.420928 0.160539 0.021780
0 0.733456 0.421875 0.160539 0.021780
0 0.890319 0.420928 0.160539 0.021780
0 0.576593 0.373580 0.160539 0.021780
0 0.734681 0.373580 0.160539 0.021780
0 0.891544 0.373580 0.160539 0.021780
0 0.420956 0.421875 0.162990 0.023674
0 0.420956 0.572443 0.162990 0.023674
0 0.576593 0.572443 0.162990 0.023674
0 0.733456 0.573390 0.162990 0.023674
0 0.890319 0.572443 0.162990 0.023674
0 0.419730 0.500473 0.162990 0.023674
0 0.576593 0.500473 0.162990 0.023674
0 0.734681 0.500473 0.162990 0.023674
0 0.890319 0.500473 0.162990 0.023674
0 0.420343 0.397254 0.159314 0.031250
0 0.578431 0.398201 0.159314 0.031250
0 0.735294 0.398201 0.159314 0.031250
0 0.890931 0.397254 0.159314 0.031250
0 0.890931 0.474905 0.159314 0.031250
0 0.735294 0.474905 0.159314 0.031250
0 0.577206 0.474905 0.159314 0.031250
0 0.419118 0.474905 0.159314 0.031250
0 0.421569 0.444602 0.159314 0.031250
0 0.577206 0.447443 0.159314 0.031250
0 0.734069 0.447443 0.159314 0.031250
0 0.890931 0.445549 0.159314 0.031250
0 0.420343 0.536458 0.161765 0.059659
0 0.577206 0.536458 0.161765 0.059659
0 0.417892 0.608428 0.161765 0.059659
0 0.577206 0.607481 0.161765 0.059659
0 0.735294 0.606534 0.161765 0.059659
0 0.890931 0.606534 0.161765 0.059659
0 0.735294 0.537405 0.161765 0.059659
0 0.890931 0.537405 0.161765 0.059659
0 0.420343 0.652462 0.161765 0.043561
0 0.575980 0.652462 0.161765 0.043561
0 0.734069 0.652462 0.161765 0.043561
0 0.889706 0.653409 0.161765 0.043561
0 0.276348 0.730587 0.140931 0.025568
0 0.275123 0.753314 0.140931 0.025568
0 0.411152 0.752367 0.140931 0.025568
0 0.735294 0.730587 0.161765 0.025568
0 0.567402 0.730587 0.183824 0.025568
0 0.892157 0.776515 0.161765 0.028409
0 0.892157 0.753788 0.164216 0.026515
0 0.892770 0.731061 0.160539 0.026515
0 0.411152 0.775095 0.140931 0.025568
0 0.275123 0.776042 0.140931 0.025568
0 0.412377 0.731534 0.140931 0.025568
1 0.072304 0.832386 0.024510 0.017045
1 0.607843 0.832386 0.024510 0.017045
1 0.386029 0.832386 0.024510 0.017045
1 0.303922 0.832386 0.024510 0.017045
1 0.154412 0.832386 0.024510 0.017045
1 0.072304 0.900568 0.024510 0.017045
1 0.703431 0.877841 0.024510 0.017045
1 0.600490 0.877841 0.024510 0.017045
1 0.417892 0.877841 0.024510 0.017045
1 0.274510 0.877841 0.024510 0.017045
1 0.072304 0.877841 0.024510 0.017045
1 0.088848 0.203598 0.023284 0.018939
1 0.787377 0.266098 0.023284 0.018939
1 0.537377 0.292614 0.023284 0.018939
1 0.538603 0.265152 0.023284 0.018939
1 0.291054 0.292614 0.023284 0.018939
1 0.291054 0.265152 0.023284 0.018939
1 0.087623 0.292614 0.023284 0.018939
1 0.086397 0.265152 0.023284 0.018939
1 0.163603 0.203598 0.023284 0.018939
0 0.473652 0.216383 0.167892 0.019886
0 0.787377 0.216383 0.165441 0.019886
0 0.500000 0.122159 0.933824 0.015152
