0 0.892770 0.218277 0.148284 0.016098
0 0.896446 0.278883 0.148284 0.016098
0 0.893995 0.237216 0.148284 0.016098
0 0.895221 0.254261 0.148284 0.016098
0 0.896446 0.386837 0.148284 0.016098
0 0.893995 0.370739 0.148284 0.016098
0 0.892770 0.333807 0.148284 0.016098
0 0.895221 0.351799 0.148284 0.016098
0 0.895221 0.428504 0.148284 0.016098
0 0.900123 0.709280 0.104167 0.017045
0 0.897672 0.909564 0.138480 0.017992
0 0.897059 0.797348 0.142157 0.017045
0 0.905025 0.765152 0.104167 0.017045
0 0.898284 0.736742 0.137255 0.018939
0 0.896446 0.935133 0.140931 0.016098
0 0.323529 0.508996 0.147059 0.031250
0 0.323529 0.536458 0.147059 0.031250
0 0.322304 0.561080 0.147059 0.031250
0 0.323529 0.588542 0.147059 0.031250
0 0.465686 0.509470 0.144608 0.030303
0 0.466912 0.535985 0.144608 0.030303
0 0.466912 0.562500 0.144608 0.030303
0 0.465686 0.588068 0.144608 0.030303
0 0.609069 0.508523 0.149510 0.032197
0 0.609069 0.536932 0.149510 0.032197
0 0.609069 0.562500 0.149510 0.032197
0 0.607843 0.588068 0.149510 0.032197
0 0.750613 0.508996 0.150735 0.033144
0 0.750613 0.535511 0.150735 0.033144
0 0.750613 0.561080 0.150735 0.033144
0 0.751838 0.588542 0.150735 0.033144
0 0.897059 0.508996 0.151961 0.031250
0 0.895833 0.535511 0.151961 0.031250
0 0.898284 0.562973 0.151961 0.031250
0 0.898284 0.588542 0.151961 0.031250
1 0.840074 0.170928 0.023284 0.017992
1 0.910539 0.171875 0.022059 0.017992
1 0.840686 0.294981 0.024510 0.017992
1 0.831495 0.636837 0.023284 0.017992
1 0.912377 0.405777 0.020833 0.017992
1 0.838848 0.405303 0.020833 0.018939
1 0.909314 0.296402 0.019608 0.018939
1 0.831495 0.820549 0.023284 0.017992
1 0.901348 0.676610 0.023284 0.017992
1 0.830270 0.677557 0.023284 0.017992
1 0.903799 0.636837 0.023284 0.017992
1 0.901348 0.866951 0.023284 0.017992
1 0.831495 0.866951 0.023284 0.017992
1 0.901348 0.822443 0.023284 0.017992
