0 0.893382 0.101799 0.147059 0.027462
0 0.334559 0.168561 0.147059 0.032197
0 0.476716 0.168561 0.147059 0.032197
0 0.616422 0.168561 0.147059 0.032197
0 0.757353 0.168561 0.147059 0.032197
0 0.899510 0.169508 0.147059 0.032197
0 0.335172 0.200758 0.145833 0.039773
0 0.477328 0.200758 0.145833 0.039773
0 0.618260 0.201705 0.145833 0.039773
0 0.757966 0.200758 0.145833 0.039773
0 0.898897 0.201705 0.145833 0.039773
0 0.333946 0.228693 0.145833 0.023674
0 0.476103 0.228693 0.145833 0.023674
0 0.617034 0.228693 0.145833 0.023674
0 0.756740 0.227746 0.145833 0.023674
0 0.901348 0.229640 0.145833 0.023674
0 0.892770 0.271307 0.150735 0.019886
0 0.351716 0.329545 0.178922 0.018939
0 0.529412 0.329545 0.178922 0.018939
0 0.704657 0.330492 0.178922 0.018939
0 0.881127 0.330492 0.178922 0.018939
0 0.350490 0.349432 0.178922 0.018939
0 0.529412 0.348485 0.178922 0.018939
0 0.705882 0.348485 0.178922 0.018939
0 0.882353 0.349432 0.178922 0.018939
0 0.335172 0.412405 0.143382 0.038826
0 0.476103 0.412879 0.145833 0.041667
0 0.618260 0.411932 0.145833 0.041667
0 0.756740 0.412879 0.145833 0.041667
0 0.900123 0.412879 0.145833 0.041667
0 0.334559 0.440341 0.147059 0.022727
0 0.475490 0.440341 0.147059 0.022727
0 0.616422 0.440341 0.147059 0.022727
0 0.757353 0.439394 0.147059 0.022727
0 0.899510 0.440341 0.147059 0.022727
0 0.893995 0.503314 0.145833 0.019886
0 0.895221 0.557292 0.145833 0.019886
0 0.893995 0.540246 0.145833 0.019886
0 0.895221 0.521307 0.145833 0.019886
0 0.352941 0.626894 0.178922 0.020833
0 0.528186 0.627841 0.178922 0.020833
0 0.704657 0.626894 0.178922 0.020833
0 0.882353 0.626894 0.178922 0.020833
0 0.351716 0.643939 0.181373 0.020833
0 0.529412 0.644886 0.181373 0.020833
0 0.705882 0.644886 0.181373 0.020833
0 0.881127 0.644886 0.181373 0.020833
0 0.335172 0.707860 0.145833 0.040720
0 0.615809 0.708807 0.145833 0.040720
0 0.757966 0.708807 0.145833 0.040720
0 0.900123 0.708807 0.145833 0.040720
0 0.474877 0.708807 0.145833 0.040720
0 0.333946 0.735322 0.145833 0.021780
0 0.477328 0.735322 0.145833 0.021780
0 0.614583 0.736269 0.145833 0.021780
0 0.757966 0.736269 0.145833 0.021780
0 0.901348 0.735322 0.145833 0.021780
0 0.334559 0.763258 0.144608 0.041667
0 0.476716 0.762311 0.144608 0.041667
0 0.616422 0.763258 0.144608 0.041667
0 0.758578 0.763258 0.144608 0.041667
0 0.899510 0.763258 0.144608 0.041667
0 0.334559 0.789299 0.144608 0.021780
0 0.474265 0.790246 0.144608 0.021780
0 0.616422 0.790246 0.144608 0.021780
0 0.757353 0.790246 0.144608 0.021780
0 0.901961 0.790246 0.144608 0.021780
0 0.334559 0.817708 0.147059 0.040720
0 0.616422 0.817708 0.147059 0.040720
0 0.757353 0.817708 0.147059 0.040720
0 0.900735 0.817708 0.147059 0.040720
0 0.474265 0.817708 0.147059 0.040720
0 0.334559 0.844697 0.144608 0.022727
0 0.475490 0.845644 0.144608 0.022727
0 0.617647 0.844697 0.144608 0.022727
0 0.759804 0.844697 0.144608 0.022727
0 0.898284 0.844697 0.144608 0.022727
