0 0.335435 0.097148 0.287516 0.023173
0 0.274905 0.276292 0.406053 0.023173
0 0.336696 0.208556 0.287516 0.023173
0 0.334174 0.187166 0.287516 0.023173
0 0.335435 0.162210 0.287516 0.023173
0 0.335435 0.130125 0.284994 0.040998
0 0.332282 0.610071 0.293821 0.041889
0 0.253468 0.651961 0.138714 0.025847
0 0.408575 0.652852 0.141236 0.024064
0 0.332282 0.700535 0.293821 0.040998
0 0.255359 0.743316 0.139975 0.021390
0 0.409836 0.742424 0.138714 0.023173
0 0.332282 0.790553 0.293821 0.042781
0 0.255359 0.833333 0.139975 0.023173
0 0.409206 0.833333 0.139975 0.023173
0 0.754098 0.139037 0.411097 0.078431
0 0.754098 0.471480 0.411097 0.078431
0 0.750315 0.304813 0.411097 0.078431
0 0.752837 0.685383 0.411097 0.078431
1 0.109710 0.054367 0.022699 0.017825
1 0.108449 0.072193 0.022699 0.017825
1 0.586381 0.613191 0.022699 0.017825
1 0.587642 0.632799 0.022699 0.017825
1 0.108449 0.576649 0.022699 0.017825
1 0.109710 0.557041 0.022699 0.017825
1 0.586381 0.418895 0.022699 0.017825
1 0.587642 0.401070 0.022699 0.017825
1 0.176545 0.424242 0.022699 0.017825
1 0.177806 0.405526 0.022699 0.017825
1 0.586381 0.253119 0.022699 0.017825
1 0.586381 0.234403 0.022699 0.017825
1 0.586381 0.086453 0.022699 0.017825
1 0.587642 0.067736 0.022699 0.017825
