0 0.318411 0.067736 0.321564 0.021390
0 0.317150 0.092692 0.321564 0.021390
0 0.319042 0.135918 0.322825 0.061497
0 0.274905 0.225045 0.408575 0.022282
0 0.274905 0.282531 0.408575 0.062389
0 0.274275 0.339572 0.409836 0.024955
0 0.276166 0.377897 0.411097 0.023173
0 0.274905 0.426025 0.408575 0.042781
1 0.238335 0.548128 0.025221 0.019608
1 0.237074 0.582442 0.022699 0.020499
1 0.237074 0.614973 0.025221 0.017825
1 0.238335 0.648396 0.027743 0.020499
0 0.275536 0.805704 0.407314 0.023173
0 0.274905 0.844029 0.408575 0.023173
0 0.274905 0.881016 0.408575 0.024064
0 0.750315 0.652852 0.406053 0.138146
0 0.752207 0.430036 0.409836 0.138146
0 0.752207 0.096702 0.409836 0.024064
0 0.752207 0.153743 0.409836 0.061497
0 0.751576 0.211230 0.408575 0.023173
0 0.752207 0.258913 0.409836 0.043672
1 0.587642 0.319519 0.027743 0.018717
1 0.588272 0.339127 0.026482 0.018717
1 0.588903 0.553030 0.025221 0.015152
1 0.587011 0.572638 0.023960 0.016934
1 0.111602 0.741979 0.029004 0.018717
1 0.109710 0.763369 0.025221 0.020499
