0 0.275536 0.092246 0.407314 0.061497
0 0.274905 0.196970 0.411097 0.062389
0 0.308953 0.305704 0.340479 0.021390
0 0.308953 0.344029 0.340479 0.024955
0 0.308323 0.400178 0.341740 0.062389
0 0.308953 0.467023 0.340479 0.021390
0 0.310214 0.514706 0.343001 0.043672
0 0.288777 0.684938 0.380832 0.024064
0 0.336696 0.710339 0.287516 0.023173
0 0.334805 0.733066 0.288777 0.022282
0 0.267970 0.766488 0.150063 0.023173
0 0.335435 0.790998 0.287516 0.022282
0 0.336066 0.823975 0.291299 0.024064
0 0.766078 0.053922 0.382093 0.024064
0 0.811475 0.077540 0.286255 0.023173
0 0.812736 0.100713 0.286255 0.023173
0 0.812736 0.190731 0.286255 0.023173
0 0.812736 0.158645 0.286255 0.023173
0 0.786885 0.443405 0.343001 0.118538
0 0.785624 0.644831 0.340479 0.059715
0 0.786255 0.760250 0.341740 0.042781
0 0.786255 0.807041 0.341740 0.022282
0 0.786255 0.845365 0.341740 0.024064
0 0.786885 0.901961 0.340479 0.060606
0 0.786255 0.712567 0.344262 0.022282
0 0.786255 0.588681 0.341740 0.024064
0 0.879571 0.550802 0.152585 0.023173
0 0.746532 0.135472 0.153846 0.023173
0 0.109710 0.268271 0.027743 0.019608
0 0.109710 0.553476 0.027743 0.019608
0 0.136192 0.880570 0.027743 0.019608
0 0.134931 0.858289 0.027743 0.019608
1 0.615385 0.229501 0.027743 0.018717
1 0.614124 0.249109 0.027743 0.018717
1 0.587642 0.519162 0.027743 0.018717
1 0.586381 0.361408 0.027743 0.018717
