0 0.433165 0.344029 0.293821 0.459893
0 0.651955 0.343583 0.153846 0.460784
0 0.839849 0.344029 0.234552 0.461676
0 0.127364 0.154189 0.113493 0.080214
0 0.234552 0.154189 0.113493 0.080214
0 0.127364 0.229947 0.113493 0.080214
0 0.237074 0.229947 0.113493 0.080214
0 0.235813 0.306595 0.113493 0.080214
0 0.128625 0.305704 0.113493 0.080214
0 0.235813 0.382353 0.113493 0.080214
0 0.127364 0.383244 0.113493 0.080214
0 0.235813 0.458111 0.113493 0.080214
0 0.128625 0.459002 0.113493 0.080214
0 0.235813 0.532977 0.113493 0.080214
0 0.128625 0.533868 0.113493 0.080214
0 0.123581 0.762478 0.100883 0.040107
0 0.225725 0.799911 0.100883 0.040107
0 0.122320 0.800802 0.100883 0.040107
0 0.225725 0.763369 0.100883 0.040107
0 0.224464 0.837344 0.100883 0.040107
0 0.124842 0.838235 0.100883 0.040107
0 0.343632 0.761586 0.137453 0.038324
0 0.478562 0.760695 0.137453 0.038324
0 0.342371 0.799911 0.137453 0.038324
0 0.342371 0.839127 0.137453 0.038324
0 0.479823 0.799911 0.137453 0.038324
0 0.609710 0.800802 0.137453 0.038324
0 0.612232 0.762478 0.137453 0.038324
0 0.748424 0.836453 0.137453 0.038324
0 0.748424 0.799911 0.137453 0.038324
0 0.748424 0.762478 0.137453 0.038324
0 0.887137 0.837344 0.137453 0.038324
0 0.887137 0.799911 0.137453 0.038324
0 0.885876 0.762478 0.137453 0.038324
0 0.610971 0.838235 0.137453 0.038324
0 0.479823 0.838235 0.137453 0.038324
1 0.111602 0.655080 0.023960 0.017825
1 0.110340 0.674688 0.023960 0.017825
