0 0.752207 0.291889 0.409836 0.344920
0 0.751576 0.500000 0.408575 0.040998
0 0.795712 0.550357 0.320303 0.024064
0 0.795712 0.583333 0.322825 0.040107
0 0.752207 0.647950 0.409836 0.024955
0 0.750946 0.699643 0.409836 0.023173
0 0.274905 0.139483 0.408575 0.022282
0 0.276166 0.178253 0.411097 0.023173
0 0.274275 0.215686 0.407314 0.024955
0 0.274275 0.329323 0.407314 0.022282
0 0.275536 0.386809 0.409836 0.060606
0 0.274905 0.443405 0.408575 0.024064
0 0.274905 0.481283 0.408575 0.024955
0 0.275536 0.528966 0.409836 0.041889
0 0.274905 0.575758 0.408575 0.024955
1 0.587642 0.751783 0.025221 0.018717
1 0.586381 0.770499 0.025221 0.018717
1 0.586381 0.823084 0.025221 0.018717
1 0.587642 0.842692 0.025221 0.018717
1 0.111602 0.077094 0.026482 0.018717
1 0.110340 0.095811 0.026482 0.018717
1 0.109079 0.266934 0.026482 0.018717
1 0.109079 0.286542 0.026482 0.018717
