0 0.335435 0.296346 0.287516 0.022282
0 0.335435 0.339127 0.287516 0.022282
0 0.335435 0.319519 0.287516 0.022282
0 0.812106 0.398841 0.287516 0.022282
0 0.812106 0.421123 0.287516 0.022282
0 0.813367 0.440731 0.287516 0.022282
0 0.812106 0.521836 0.287516 0.022282
0 0.812106 0.649287 0.287516 0.022282
0 0.812106 0.545900 0.287516 0.022282
0 0.812106 0.568182 0.287516 0.022282
0 0.812106 0.668895 0.287516 0.022282
0 0.335435 0.638592 0.287516 0.022282
0 0.334174 0.610071 0.287516 0.022282
0 0.334174 0.580660 0.287516 0.022282
0 0.334174 0.420232 0.287516 0.022282
0 0.335435 0.395276 0.287516 0.022282
0 0.318411 0.475936 0.321564 0.023173
0 0.796343 0.752228 0.321564 0.023173
0 0.795082 0.728164 0.321564 0.023173
0 0.319672 0.524064 0.321564 0.023173
0 0.318411 0.499109 0.321564 0.023173
0 0.795082 0.775401 0.321564 0.023173
0 0.268600 0.372103 0.151324 0.020499
0 0.308323 0.709893 0.341740 0.022282
0 0.753468 0.942068 0.404792 0.021390
0 0.752837 0.962121 0.408575 0.022282
0 0.745902 0.497772 0.152585 0.022282
0 0.745902 0.602941 0.152585 0.024064
0 0.745271 0.626114 0.156368 0.024064
1 0.665195 0.205437 0.029004 0.018717
1 0.663934 0.225045 0.029004 0.018717
1 0.810214 0.464795 0.029004 0.018717
1 0.715637 0.464795 0.029004 0.018717
1 0.666456 0.309715 0.029004 0.018717
1 0.665195 0.290998 0.029004 0.018717
1 0.109710 0.691176 0.027743 0.020499
1 0.587642 0.918449 0.027743 0.018717
1 0.587642 0.898841 0.027743 0.020499
1 0.587642 0.847148 0.027743 0.020499
1 0.587642 0.827540 0.027743 0.020499
1 0.110971 0.869430 0.027743 0.020499
1 0.109710 0.851604 0.027743 0.020499
1 0.254729 0.788324 0.027743 0.020499
1 0.253468 0.767825 0.027743 0.020499
1 0.109710 0.734848 0.027743 0.020499
