0 0.752207 0.325312 0.407314 0.251337
1 0.392812 0.116310 0.026482 0.018717
1 0.467213 0.487077 0.026482 0.018717
1 0.392812 0.486185 0.026482 0.018717
1 0.467213 0.424688 0.026482 0.018717
1 0.392812 0.424688 0.026482 0.018717
1 0.468474 0.402406 0.026482 0.018717
1 0.394073 0.402406 0.026482 0.018717
1 0.467213 0.372995 0.026482 0.018717
1 0.391551 0.372995 0.026482 0.018717
1 0.467213 0.348930 0.026482 0.018717
1 0.392812 0.348039 0.026482 0.018717
1 0.467213 0.306150 0.026482 0.018717
1 0.392812 0.306150 0.026482 0.018717
1 0.467213 0.270499 0.026482 0.018717
1 0.392812 0.269608 0.026482 0.018717
1 0.468474 0.211676 0.026482 0.018717
1 0.392812 0.211676 0.026482 0.018717
1 0.467213 0.166221 0.026482 0.018717
1 0.392812 0.165330 0.026482 0.018717
1 0.468474 0.116310 0.026482 0.018717
1 0.467213 0.866756 0.026482 0.018717
1 0.392812 0.866756 0.026482 0.018717
1 0.467213 0.833779 0.026482 0.018717
1 0.392812 0.834670 0.026482 0.018717
1 0.465952 0.799911 0.026482 0.018717
1 0.392812 0.799911 0.026482 0.018717
1 0.467213 0.766043 0.026482 0.018717
1 0.394073 0.766934 0.026482 0.018717
1 0.467213 0.719697 0.026482 0.018717
1 0.391551 0.719697 0.026482 0.018717
1 0.467213 0.672460 0.026482 0.018717
1 0.392812 0.672460 0.026482 0.018717
1 0.467213 0.595811 0.026482 0.018717
1 0.392812 0.595811 0.026482 0.018717
1 0.467213 0.548574 0.026482 0.018717
1 0.392812 0.548574 0.026482 0.018717
1 0.467213 0.913993 0.026482 0.018717
1 0.392812 0.914884 0.026482 0.018717
