0 0.752207 0.174688 0.409836 0.233512
0 0.752207 0.454991 0.407314 0.230838
0 0.752207 0.919340 0.409836 0.063280
0 0.287516 0.143939 0.383354 0.043672
0 0.289407 0.192513 0.384615 0.024955
0 0.289407 0.239305 0.379571 0.041889
0 0.147541 0.287433 0.100883 0.024064
0 0.288777 0.348930 0.385876 0.043672
0 0.288146 0.396613 0.382093 0.023173
0 0.288146 0.443405 0.382093 0.041889
0 0.146910 0.490196 0.099622 0.023173
0 0.287516 0.553476 0.383354 0.042781
0 0.288777 0.599822 0.380832 0.023173
0 0.288146 0.647950 0.382093 0.042781
0 0.148172 0.696078 0.104666 0.024955
0 0.288146 0.757576 0.382093 0.042781
0 0.288777 0.805704 0.383354 0.026738
0 0.289407 0.852941 0.384615 0.042781
0 0.147541 0.899733 0.100883 0.024064
0 0.785624 0.737968 0.343001 0.023173
0 0.785624 0.786096 0.343001 0.044563
0 0.785624 0.833333 0.343001 0.023173
1 0.588272 0.700089 0.029004 0.018717
1 0.585750 0.719697 0.029004 0.018717
