0 0.344893 0.087790 0.268600 0.024064
0 0.275536 0.144831 0.407314 0.061497
0 0.319042 0.192068 0.320303 0.022282
0 0.319042 0.400624 0.320303 0.022282
0 0.319042 0.357843 0.320303 0.022282
0 0.320303 0.267825 0.320303 0.022282
0 0.320303 0.335561 0.320303 0.022282
0 0.319042 0.243761 0.320303 0.022282
0 0.319042 0.220588 0.320303 0.022282
0 0.319042 0.444296 0.320303 0.061497
0 0.274905 0.562389 0.408575 0.060606
0 0.336066 0.814617 0.286255 0.060606
0 0.335435 0.686275 0.287516 0.023173
0 0.336066 0.713904 0.286255 0.019608
0 0.267339 0.747772 0.151324 0.023173
0 0.267339 0.771390 0.151324 0.022282
