0 0.795712 0.334225 0.322825 0.042781
0 0.795082 0.300802 0.321564 0.025847
0 0.753468 0.419786 0.409836 0.044563
0 0.752207 0.490642 0.407314 0.043672
0 0.752837 0.553476 0.411097 0.023173
0 0.712484 0.595365 0.153846 0.024955
0 0.796343 0.657308 0.321564 0.025847
0 0.795712 0.684938 0.322825 0.024064
0 0.795712 0.709447 0.320303 0.023173
0 0.752207 0.895276 0.409836 0.043672
0 0.712484 0.937611 0.158890 0.024955
1 0.649433 0.743316 0.027743 0.019608
1 0.944515 0.744207 0.027743 0.019608
1 0.755359 0.743316 0.027743 0.019608
1 0.775536 0.795009 0.027743 0.019608
1 0.648172 0.833333 0.027743 0.019608
1 0.648172 0.813725 0.027743 0.019608
1 0.648172 0.795009 0.027743 0.019608
1 0.944515 0.795009 0.027743 0.019608
1 0.775536 0.833333 0.027743 0.019608
1 0.775536 0.814617 0.027743 0.019608
