0 0.167718 0.187166 0.191677 0.119430
0 0.355612 0.187166 0.191677 0.119430
0 0.544767 0.187166 0.191677 0.119430
0 0.796343 0.186720 0.321564 0.118538
0 0.513241 0.366756 0.885246 0.081105
0 0.514502 0.709893 0.885246 0.081105
0 0.335435 0.842692 0.287516 0.063280
0 0.308953 0.799465 0.153846 0.019608
0 0.310845 0.905080 0.150063 0.020499
0 0.147541 0.581551 0.151324 0.118538
0 0.295712 0.581105 0.155107 0.121212
0 0.510088 0.582442 0.288777 0.118538
0 0.802648 0.581996 0.306431 0.119430
1 0.110340 0.068182 0.023960 0.016934
1 0.110340 0.086898 0.023960 0.016934
1 0.110971 0.286542 0.025221 0.016934
1 0.110971 0.305258 0.025221 0.016934
1 0.109710 0.447415 0.022699 0.017825
1 0.109710 0.467023 0.022699 0.017825
