0 0.379289 0.101799 0.319853 0.017992
0 0.781250 0.101326 0.295343 0.018939
0 0.360294 0.197917 0.245098 0.017045
0 0.637868 0.196970 0.167892 0.017045
0 0.803922 0.197443 0.044118 0.019886
0 0.773284 0.212595 0.308824 0.014205
0 0.485294 0.213068 0.178922 0.015152
0 0.169118 0.392045 0.161765 0.117424
0 0.335784 0.392992 0.176471 0.117424
0 0.492647 0.391098 0.149510 0.119318
0 0.748162 0.391098 0.366422 0.117424
0 0.532475 0.482481 0.768382 0.017992
0 0.537377 0.513258 0.773284 0.015152
0 0.376838 0.606534 0.037990 0.019886
0 0.574755 0.607008 0.061275 0.017045
0 0.629289 0.644413 0.582108 0.016098
0 0.504289 0.658617 0.844363 0.014205
0 0.630515 0.674716 0.577206 0.017992
0 0.501225 0.692708 0.833333 0.016098
0 0.503064 0.711648 0.841912 0.019886
0 0.501838 0.811553 0.832108 0.022727
0 0.504902 0.852273 0.833333 0.026515
0 0.610294 0.874527 0.622549 0.012311
0 0.614583 0.892992 0.609069 0.015152
1 0.096201 0.197443 0.018382 0.014205
1 0.096814 0.211174 0.017157 0.015152
1 0.095588 0.224432 0.017157 0.013258
1 0.118873 0.238636 0.017157 0.015152
1 0.119485 0.252367 0.018382 0.014205
1 0.119485 0.266098 0.018382 0.013258
1 0.097426 0.281723 0.018382 0.014205
1 0.224877 0.298769 0.015931 0.014205
1 0.455270 0.297822 0.018382 0.014205
1 0.833333 0.197917 0.019608 0.015152
1 0.887868 0.197443 0.018382 0.016098
1 0.094363 0.466383 0.014706 0.012311
1 0.096201 0.496686 0.015931 0.014205
1 0.093750 0.524148 0.015931 0.014205
1 0.094363 0.541193 0.019608 0.014205
1 0.172794 0.542614 0.017157 0.015152
1 0.093137 0.555398 0.019608 0.014205
1 0.091299 0.571970 0.015931 0.015152
1 0.091912 0.587595 0.017157 0.016098
1 0.091912 0.603693 0.017157 0.016098
1 0.092525 0.622633 0.018382 0.014205
1 0.093137 0.640625 0.019608 0.014205
1 0.274510 0.641572 0.017157 0.016098
1 0.275735 0.673769 0.017157 0.016098
1 0.093137 0.672348 0.019608 0.015152
1 0.098039 0.874053 0.024510 0.017045
1 0.098039 0.891572 0.024510 0.017992
