0 0.322304 0.102273 0.232843 0.018939
0 0.589461 0.103220 0.218137 0.013258
0 0.837010 0.102273 0.178922 0.018939
0 0.351716 0.128314 0.198529 0.017992
0 0.808211 0.128314 0.236520 0.017992
0 0.844975 0.231534 0.062500 0.091856
0 0.899510 0.232481 0.049020 0.093750
0 0.846201 0.331439 0.062500 0.109848
0 0.897672 0.328598 0.055147 0.109848
0 0.843137 0.442708 0.066176 0.122159
0 0.897672 0.442235 0.057598 0.125000
0 0.844975 0.558239 0.064951 0.116477
0 0.897059 0.557292 0.056373 0.114583
0 0.846201 0.663352 0.062500 0.103220
0 0.900123 0.661932 0.052696 0.104167
0 0.844975 0.742898 0.062500 0.065341
0 0.900123 0.742424 0.047794 0.066288
0 0.507966 0.824337 0.846814 0.035038
0 0.549020 0.793561 0.759804 0.015152
3 0.237132 0.879261 0.310049 0.027462
0 0.551471 0.880208 0.240196 0.029356
0 0.812500 0.878314 0.225490 0.029356
