1 0.096814 0.875473 0.024510 0.016098
1 0.096814 0.892992 0.024510 0.015152
0 0.550858 0.131155 0.694853 0.023674
0 0.795956 0.159564 0.209559 0.025568
0 0.852941 0.267519 0.117647 0.029356
0 0.852941 0.297348 0.120098 0.039773
0 0.851716 0.329545 0.117647 0.037879
0 0.852941 0.370739 0.120098 0.053977
0 0.853554 0.426610 0.118873 0.071023
0 0.851716 0.491951 0.117647 0.071023
0 0.851716 0.548295 0.117647 0.053030
0 0.854167 0.605114 0.120098 0.068182
0 0.853554 0.660511 0.121324 0.052083
0 0.853554 0.718277 0.121324 0.069129
0 0.853554 0.763258 0.118873 0.026515
0 0.294118 0.829545 0.416667 0.026515
0 0.606618 0.874527 0.602941 0.017992
0 0.607843 0.893939 0.595588 0.015152
0 0.294118 0.790720 0.416667 0.026515
3 0.616422 0.792140 0.176471 0.025568
3 0.724265 0.829545 0.132353 0.026515
0 0.598652 0.828125 0.094363 0.023674
0 0.847426 0.793561 0.113971 0.024621
0 0.847426 0.829545 0.113971 0.024621
