0 0.246936 0.195076 0.305147 0.049242
1 0.833946 0.393939 0.023284 0.018939
1 0.899510 0.394413 0.022059 0.019886
1 0.773897 0.416667 0.020833 0.018939
1 0.627451 0.416193 0.024510 0.017992
1 0.544118 0.417140 0.022059 0.017992
1 0.832721 0.552557 0.023284 0.017992
1 0.899510 0.552557 0.022059 0.019886
1 0.674020 0.638258 0.024510 0.017045
1 0.702819 0.639205 0.020833 0.018939
1 0.732843 0.639205 0.024510 0.018939
0 0.552083 0.195076 0.292892 0.049242
0 0.824755 0.196023 0.237745 0.049242
0 0.220588 0.276042 0.252451 0.027462
0 0.502451 0.276515 0.215686 0.028409
0 0.787377 0.275568 0.312500 0.026515
0 0.733456 0.322443 0.420343 0.029356
0 0.305760 0.322443 0.422794 0.027462
0 0.305760 0.366477 0.420343 0.026515
0 0.519608 0.458333 0.845588 0.026515
0 0.878064 0.487216 0.128676 0.027462
0 0.375000 0.638731 0.553922 0.025568
0 0.848652 0.639678 0.187500 0.025568
0 0.373162 0.684659 0.555147 0.026515
0 0.703431 0.685133 0.093137 0.025568
0 0.849265 0.684186 0.186275 0.027462
0 0.237132 0.729167 0.285539 0.024621
0 0.470588 0.729640 0.166667 0.027462
0 0.753064 0.730114 0.381127 0.026515
0 0.287377 0.776042 0.383578 0.023674
0 0.740809 0.775568 0.403186 0.022727
0 0.287990 0.820076 0.382353 0.020833
