0 0.411728 0.209447 0.440101 0.024955
0 0.409206 0.234403 0.440101 0.024955
0 0.338588 0.270499 0.586381 0.027629
0 0.116646 0.352050 0.162673 0.046346
0 0.115385 0.713904 0.162673 0.046346
0 0.115385 0.754902 0.162673 0.046346
0 0.115385 0.794118 0.162673 0.046346
0 0.115385 0.834225 0.162673 0.046346
0 0.116646 0.877005 0.162673 0.046346
0 0.116646 0.394831 0.162673 0.046346
0 0.115385 0.513369 0.162673 0.046346
0 0.116646 0.552585 0.162673 0.046346
0 0.115385 0.590909 0.162673 0.046346
0 0.115385 0.631907 0.162673 0.046346
0 0.116646 0.674688 0.162673 0.046346
0 0.117907 0.433155 0.162673 0.046346
0 0.115385 0.471480 0.162673 0.046346
0 0.267339 0.352496 0.148802 0.043672
0 0.266078 0.592246 0.148802 0.043672
0 0.264817 0.633244 0.148802 0.043672
0 0.267339 0.674242 0.148802 0.043672
0 0.264817 0.716132 0.148802 0.043672
0 0.266078 0.755348 0.148802 0.043672
0 0.264817 0.796346 0.148802 0.043672
0 0.266078 0.837344 0.148802 0.043672
0 0.264817 0.874777 0.148802 0.043672
0 0.263556 0.431818 0.148802 0.043672
0 0.266078 0.471034 0.148802 0.043672
0 0.264817 0.511141 0.148802 0.043672
0 0.266078 0.553030 0.148802 0.043672
0 0.267339 0.393494 0.148802 0.043672
0 0.650063 0.392157 0.626734 0.042781
0 0.651324 0.551693 0.626734 0.042781
0 0.652585 0.594474 0.626734 0.042781
0 0.651324 0.635472 0.626734 0.042781
0 0.648802 0.677362 0.626734 0.042781
0 0.650063 0.715686 0.626734 0.042781
0 0.650063 0.755793 0.626734 0.042781
0 0.651324 0.795900 0.626734 0.042781
0 0.650063 0.835116 0.626734 0.042781
0 0.651324 0.877005 0.626734 0.042781
0 0.651324 0.432264 0.626734 0.042781
0 0.650063 0.472371 0.626734 0.042781
0 0.651324 0.512478 0.626734 0.042781
0 0.651324 0.351159 0.626734 0.042781
