0 0.489583 0.278883 0.307598 0.192235
0 0.794118 0.339489 0.284314 0.069129
0 0.193627 0.250947 0.254902 0.018939
0 0.195466 0.278883 0.256127 0.014205
0 0.186275 0.317235 0.240196 0.015152
0 0.188113 0.364110 0.248775 0.016098
0 0.530025 0.435606 0.202206 0.024621
0 0.790441 0.435133 0.289216 0.025568
0 0.272672 0.714489 0.351716 0.027462
0 0.587010 0.714489 0.267157 0.027462
0 0.834559 0.715909 0.218137 0.028409
0 0.268382 0.831913 0.348039 0.052083
0 0.583333 0.831439 0.274510 0.051136
0 0.833333 0.832386 0.220588 0.051136
1 0.074142 0.195076 0.018382 0.011364
1 0.180760 0.196023 0.018382 0.013258
1 0.245098 0.401042 0.024510 0.016098
1 0.067402 0.589962 0.024510 0.020833
1 0.067402 0.627367 0.024510 0.017992
