0 0.877451 0.136837 0.132353 0.029356
0 0.224265 0.365057 0.254902 0.163826
0 0.401961 0.366004 0.102941 0.165720
0 0.526961 0.363163 0.147059 0.158144
0 0.663603 0.364110 0.128676 0.163826
0 0.834559 0.365057 0.210784 0.167614
0 0.640931 0.678504 0.607843 0.025568
0 0.262868 0.723011 0.216912 0.029356
0 0.362132 0.812973 0.537990 0.027462
0 0.789828 0.812973 0.310049 0.027462
1 0.103554 0.625473 0.023284 0.021780
1 0.283088 0.626420 0.026961 0.017992
1 0.409314 0.623580 0.026961 0.021780
1 0.546569 0.624527 0.022059 0.014205
1 0.674632 0.623580 0.018382 0.014205
1 0.161152 0.648674 0.023284 0.020833
1 0.281250 0.651042 0.028186 0.019886
1 0.408701 0.650095 0.030637 0.019886
1 0.546569 0.651989 0.022059 0.019886
1 0.164216 0.677083 0.024510 0.018939
1 0.832108 0.522727 0.019608 0.015152
1 0.890931 0.521780 0.019608 0.015152
1 0.832108 0.750000 0.019608 0.013258
1 0.890319 0.750000 0.018382 0.015152
