0 0.669609 0.297683 0.569987 0.042781
0 0.776797 0.399287 0.353090 0.021390
0 0.668348 0.452763 0.567465 0.023173
0 0.668979 0.507576 0.568726 0.022282
0 0.525851 0.542781 0.282472 0.021390
0 0.811475 0.542781 0.286255 0.021390
0 0.667718 0.611854 0.566204 0.024064
0 0.658260 0.651515 0.383354 0.019608
0 0.659521 0.670232 0.383354 0.019608
0 0.658260 0.689840 0.383354 0.019608
0 0.659521 0.709447 0.383354 0.019608
0 0.901639 0.651515 0.103405 0.021390
0 0.900378 0.671123 0.103405 0.021390
0 0.901639 0.689840 0.103405 0.021390
0 0.901639 0.709447 0.103405 0.021390
0 0.709962 0.885472 0.138714 0.020499
0 0.709962 0.909982 0.138714 0.023173
0 0.709962 0.938057 0.138714 0.022282
1 0.400378 0.374332 0.031526 0.021390
1 0.400378 0.399287 0.031526 0.023173
1 0.508827 0.373440 0.034048 0.023173
1 0.659521 0.373886 0.032787 0.024064
1 0.401009 0.765597 0.032787 0.019608
1 0.400378 0.811943 0.031526 0.023173
1 0.401009 0.887701 0.030265 0.023173
1 0.401009 0.937611 0.032787 0.021390
0 0.616015 0.782977 0.283733 0.024064
0 0.616015 0.828877 0.286255 0.023173
