0 0.658701 0.277936 0.628676 0.031250
0 0.658701 0.593277 0.628676 0.031250
0 0.658088 0.562027 0.627451 0.031250
0 0.660539 0.529830 0.627451 0.031250
0 0.658701 0.467330 0.628676 0.031250
0 0.658088 0.340436 0.627451 0.031250
0 0.658701 0.372633 0.628676 0.031250
0 0.658088 0.403883 0.627451 0.031250
0 0.661152 0.436080 0.628676 0.031250
0 0.658701 0.750473 0.628676 0.031250
0 0.658701 0.718277 0.628676 0.031250
0 0.658088 0.687973 0.627451 0.031250
0 0.658088 0.655777 0.627451 0.031250
0 0.658701 0.624527 0.628676 0.031250
0 0.496324 0.498580 0.301471 0.031250
0 0.257353 0.873580 0.156863 0.038826
3 0.349265 0.918087 0.247549 0.031250
3 0.739583 0.912405 0.270833 0.036932
