0 0.737074 0.516043 0.437579 0.026738
0 0.737074 0.560160 0.432535 0.027629
0 0.737074 0.626114 0.435057 0.075758
0 0.832282 0.680927 0.244641 0.026738
3 0.737074 0.879679 0.427491 0.039216
0 0.765448 0.916221 0.052963 0.028520
0 0.824086 0.916221 0.051702 0.026738
0 0.905422 0.916221 0.090794 0.028520
3 0.278689 0.819073 0.401009 0.040998
0 0.289407 0.856952 0.054224 0.027629
0 0.346784 0.855615 0.052963 0.026738
0 0.430013 0.856506 0.098361 0.026738
0 0.276166 0.438057 0.378310 0.027629
1 0.454603 0.273173 0.023960 0.016934
1 0.488020 0.090018 0.030265 0.016043
1 0.489281 0.109180 0.032787 0.016934
