0 0.675914 0.212567 0.239596 0.024064
0 0.754729 0.270499 0.399748 0.025847
0 0.921816 0.331105 0.068096 0.025847
0 0.754729 0.371212 0.399748 0.025847
0 0.755359 0.413102 0.395965 0.025847
0 0.754729 0.451872 0.394704 0.024955
0 0.581337 0.515152 0.050441 0.028520
0 0.638714 0.515152 0.051702 0.026738
0 0.718789 0.514706 0.100883 0.025847
0 0.580706 0.656863 0.054224 0.028520
0 0.638714 0.657754 0.051702 0.026738
0 0.718789 0.658200 0.098361 0.024064
0 0.755359 0.728164 0.398487 0.073084
0 0.754098 0.822193 0.401009 0.072193
1 0.598991 0.593583 0.032787 0.016043
1 0.598361 0.613191 0.034048 0.017825
1 0.588272 0.330660 0.029004 0.016043
1 0.632409 0.330660 0.023960 0.017825
1 0.684741 0.331551 0.020177 0.019608
1 0.741488 0.330660 0.025221 0.019608
1 0.786885 0.330660 0.020177 0.019608
1 0.835435 0.329768 0.026482 0.017825
