1 0.192308 0.122549 0.034048 0.016934
1 0.191047 0.140820 0.031526 0.016043
1 0.112232 0.230838 0.022699 0.017825
1 0.158260 0.230392 0.026482 0.016934
1 0.208701 0.231283 0.023960 0.018717
1 0.266078 0.230392 0.022699 0.016934
1 0.311475 0.230838 0.025221 0.017825
1 0.361286 0.230838 0.023960 0.017825
0 0.443884 0.231283 0.065574 0.029412
0 0.279319 0.273619 0.399748 0.026738
0 0.278689 0.316845 0.398487 0.027629
0 0.278689 0.357843 0.398487 0.025847
0 0.104666 0.405526 0.047919 0.026738
0 0.162043 0.405526 0.051702 0.024955
0 0.242749 0.405526 0.099622 0.024955
0 0.278689 0.569964 0.383354 0.049020
0 0.278689 0.679144 0.398487 0.074866
0 0.278058 0.771836 0.397226 0.071301
0 0.200504 0.839572 0.242119 0.026738
0 0.643127 0.742870 0.242119 0.027629
0 0.737705 0.698752 0.433796 0.026738
0 0.738335 0.655971 0.432535 0.026738
0 0.738335 0.581996 0.432535 0.074866
0 0.738335 0.491087 0.432535 0.073084
0 0.738335 0.399287 0.432535 0.026738
0 0.738335 0.354278 0.432535 0.027629
0 0.546028 0.257576 0.052963 0.026738
0 0.616646 0.256684 0.070618 0.024955
0 0.697982 0.257130 0.071879 0.027629
0 0.778689 0.257130 0.074401 0.027629
