0 0.269608 0.152936 0.446078 0.021780
0 0.601716 0.151989 0.200980 0.023674
0 0.830270 0.151989 0.241422 0.019886
0 0.735907 0.226326 0.055147 0.015152
0 0.794730 0.227273 0.052696 0.015152
0 0.888480 0.227273 0.117647 0.015152
0 0.735907 0.256155 0.050245 0.010417
0 0.794730 0.256155 0.052696 0.012311
0 0.738358 0.287405 0.050245 0.014205
0 0.796569 0.287405 0.051471 0.014205
0 0.889706 0.289773 0.117647 0.015152
0 0.735907 0.303030 0.052696 0.015152
0 0.795956 0.303030 0.052696 0.017045
0 0.736520 0.334280 0.051471 0.015152
0 0.795956 0.334280 0.052696 0.015152
0 0.887868 0.334280 0.111520 0.015152
0 0.734681 0.363636 0.050245 0.013258
0 0.794730 0.362689 0.047794 0.015152
0 0.888480 0.360795 0.115196 0.015152
0 0.735907 0.394886 0.055147 0.015152
0 0.794118 0.392992 0.053922 0.015152
0 0.887255 0.392992 0.117647 0.015152
0 0.734681 0.425189 0.057598 0.015152
0 0.794730 0.424242 0.057598 0.015152
0 0.887255 0.424242 0.117647 0.018939
0 0.736520 0.476326 0.053922 0.018939
0 0.794118 0.477273 0.058824 0.018939
0 0.888480 0.477273 0.115196 0.017045
0 0.735907 0.522254 0.055147 0.019886
0 0.794730 0.520833 0.057598 0.017045
0 0.890319 0.521780 0.116422 0.015152
0 0.735907 0.348958 0.052696 0.016098
0 0.797181 0.347064 0.052696 0.010417
0 0.889706 0.348011 0.112745 0.014205
0 0.734069 0.378314 0.049020 0.014205
0 0.794118 0.379261 0.049020 0.016098
0 0.887255 0.376420 0.115196 0.016098
0 0.735907 0.410511 0.050245 0.012311
0 0.793505 0.408617 0.055147 0.012311
0 0.887255 0.409564 0.115196 0.010417
0 0.735907 0.447917 0.052696 0.015152
0 0.793505 0.447917 0.055147 0.018939
0 0.887255 0.449811 0.117647 0.018939
0 0.734681 0.499527 0.057598 0.014205
0 0.794730 0.499527 0.052696 0.016098
0 0.887255 0.500473 0.115196 0.016098
0 0.737132 0.553030 0.055147 0.015152
0 0.795956 0.555398 0.050245 0.014205
0 0.889706 0.551136 0.110294 0.018939
0 0.735907 0.575758 0.050245 0.015152
0 0.738358 0.599905 0.050245 0.016098
0 0.794730 0.598958 0.047794 0.017992
0 0.887255 0.599905 0.112745 0.016098
0 0.739583 0.621686 0.047794 0.014205
0 0.795956 0.621686 0.050245 0.017992
0 0.889706 0.622633 0.122549 0.016098
3 0.270221 0.704545 0.444853 0.022727
0 0.272672 0.743845 0.442402 0.021780
0 0.272672 0.780777 0.442402 0.021780
0 0.272672 0.818655 0.444853 0.021780
0 0.723652 0.726326 0.444853 0.058712
0 0.723652 0.780777 0.444853 0.021780
0 0.726103 0.819602 0.442402 0.023674
