0 0.735907 0.178030 0.055147 0.015152
0 0.793505 0.178030 0.055147 0.018939
0 0.888480 0.178977 0.122549 0.017045
0 0.734681 0.206439 0.057598 0.017045
0 0.791054 0.208333 0.052696 0.015152
0 0.889706 0.208333 0.112745 0.015152
0 0.734681 0.252367 0.052696 0.014205
0 0.795956 0.253314 0.052696 0.016098
0 0.888480 0.252367 0.117647 0.017992
0 0.736520 0.310133 0.051471 0.014205
0 0.733456 0.278883 0.055147 0.016098
0 0.793505 0.280777 0.055147 0.016098
0 0.887255 0.280777 0.117647 0.016098
0 0.889706 0.309186 0.117647 0.016098
0 0.791054 0.309186 0.055147 0.014205
0 0.733456 0.341383 0.052696 0.016098
0 0.792279 0.342330 0.052696 0.016098
0 0.890319 0.341383 0.111520 0.016098
0 0.500613 0.472064 0.895833 0.199811
3 0.272672 0.643939 0.442402 0.020833
0 0.727328 0.643939 0.447304 0.020833
0 0.726716 0.682292 0.443627 0.019886
0 0.272672 0.681345 0.442402 0.017992
