0 0.262255 0.130208 0.473039 0.014205
0 0.616422 0.130208 0.235294 0.014205
0 0.851716 0.133523 0.232843 0.013258
0 0.512868 0.232008 0.329657 0.015152
0 0.865809 0.280777 0.084559 0.016098
0 0.267770 0.365530 0.454657 0.018939
0 0.137868 0.322917 0.212010 0.015152
0 0.735907 0.366477 0.457108 0.022727
0 0.858456 0.446970 0.204657 0.017045
0 0.390319 0.414773 0.207108 0.015152
0 0.390319 0.445076 0.209559 0.018939
0 0.380515 0.488636 0.189951 0.018939
0 0.610294 0.489583 0.250000 0.017045
0 0.899510 0.491951 0.137255 0.016098
3 0.264093 0.573390 0.462010 0.031250
0 0.736520 0.607008 0.465686 0.092803
0 0.265319 0.612689 0.464461 0.015152
0 0.260417 0.646307 0.457108 0.019886
0 0.261642 0.675189 0.462010 0.015152
0 0.735907 0.675189 0.464461 0.013258
0 0.923407 0.727273 0.089461 0.030303
3 0.262868 0.772727 0.459559 0.028409
0 0.734069 0.803977 0.463235 0.090909
0 0.264093 0.812027 0.464461 0.016098
0 0.265319 0.843277 0.464461 0.016098
0 0.118873 0.874527 0.164216 0.016098
0 0.354167 0.875473 0.286765 0.014205
0 0.738971 0.875473 0.468137 0.014205
0 0.736520 0.920455 0.463235 0.043561
0 0.262868 0.920455 0.459559 0.043561
1 0.039216 0.160511 0.024510 0.016098
1 0.040441 0.175189 0.026961 0.015152
1 0.039216 0.189867 0.024510 0.016098
1 0.074142 0.244792 0.033088 0.021780
1 0.193015 0.245739 0.033088 0.017992
1 0.040441 0.265152 0.024510 0.015152
1 0.039216 0.280777 0.029412 0.016098
1 0.039216 0.296402 0.026961 0.015152
1 0.359069 0.280777 0.022059 0.012311
1 0.356618 0.295455 0.022059 0.013258
1 0.356618 0.160511 0.026961 0.014205
1 0.354167 0.176136 0.024510 0.017045
1 0.356618 0.189867 0.024510 0.014205
1 0.354167 0.203598 0.026961 0.013258
1 0.480392 0.160511 0.022059 0.016098
1 0.481618 0.176136 0.024510 0.015152
1 0.563113 0.159564 0.028186 0.016098
1 0.689338 0.174242 0.025735 0.015152
1 0.688113 0.188920 0.023284 0.016098
1 0.690564 0.204545 0.025735 0.013258
1 0.558824 0.280777 0.029412 0.016098
1 0.558824 0.296402 0.029412 0.015152
1 0.664216 0.280777 0.026961 0.017992
1 0.662990 0.296402 0.026961 0.015152
1 0.039216 0.417614 0.024510 0.013258
1 0.039216 0.431345 0.029412 0.016098
1 0.041667 0.479167 0.026961 0.017045
1 0.041667 0.495739 0.024510 0.016098
