0 0.839461 0.058239 0.237745 0.023674
0 0.137255 0.102273 0.213235 0.017045
0 0.143382 0.241477 0.220588 0.034091
0 0.286152 0.243845 0.064951 0.031250
0 0.366422 0.242424 0.085784 0.037879
0 0.436887 0.242898 0.060049 0.035038
0 0.493873 0.241004 0.051471 0.038826
0 0.563113 0.243371 0.089461 0.035985
0 0.639706 0.243371 0.068627 0.032197
0 0.723652 0.242424 0.104167 0.035985
0 0.873162 0.243845 0.187500 0.038826
0 0.241422 0.296402 0.281863 0.018939
0 0.248162 0.316761 0.285539 0.017992
0 0.252451 0.337595 0.296569 0.017992
0 0.743873 0.274621 0.433824 0.022727
0 0.759191 0.295455 0.400735 0.017045
0 0.757966 0.314867 0.398284 0.012311
0 0.776961 0.334754 0.362745 0.019886
0 0.129902 0.499527 0.203431 0.192235
0 0.318015 0.499527 0.180147 0.192235
0 0.507353 0.499527 0.196078 0.190341
0 0.696691 0.501894 0.180147 0.189394
0 0.875613 0.500947 0.187500 0.189394
0 0.199755 0.901515 0.250000 0.028409
3 0.639706 0.894886 0.534314 0.037879
0 0.642157 0.940814 0.531863 0.021780
1 0.727941 0.082386 0.022059 0.015152
1 0.726716 0.100379 0.024510 0.018939
1 0.873162 0.082386 0.023284 0.015152
1 0.873162 0.100852 0.023284 0.017992
