0 0.752837 0.065954 0.393443 0.024955
0 0.641866 0.110963 0.284994 0.027629
0 0.882093 0.112745 0.165195 0.020499
0 0.578184 0.320410 0.177806 0.024064
0 0.816520 0.320410 0.298865 0.027629
0 0.498108 0.441622 0.933165 0.032977
0 0.496847 0.491087 0.933165 0.033868
0 0.498108 0.540553 0.933165 0.032977
0 0.428752 0.608289 0.090794 0.013369
3 0.232661 0.673797 0.412358 0.026738
0 0.619168 0.674688 0.345523 0.026738
0 0.879571 0.675579 0.172762 0.023173
0 0.849306 0.808824 0.230769 0.015152
0 0.756620 0.833333 0.047919 0.019608
0 0.316520 0.184492 0.118537 0.026738
0 0.315259 0.211230 0.118537 0.026738
0 0.315259 0.238859 0.118537 0.026738
0 0.315259 0.265597 0.118537 0.026738
0 0.316520 0.291444 0.118537 0.026738
0 0.431904 0.184492 0.117276 0.026738
0 0.430643 0.210339 0.117276 0.026738
0 0.431904 0.237968 0.117276 0.026738
0 0.430643 0.264706 0.117276 0.026738
0 0.431904 0.292335 0.117276 0.026738
0 0.576923 0.183155 0.177806 0.025847
0 0.576923 0.209447 0.177806 0.026738
0 0.579445 0.236631 0.177806 0.025847
0 0.579445 0.266043 0.177806 0.025847
0 0.579445 0.293226 0.177806 0.026738
0 0.815889 0.184046 0.300126 0.024064
0 0.815889 0.210784 0.300126 0.024064
0 0.817150 0.238414 0.300126 0.024064
0 0.815259 0.265152 0.298865 0.024064
0 0.815889 0.294118 0.300126 0.024955
1 0.066204 0.352496 0.021438 0.013369
1 0.067465 0.367647 0.023960 0.013369
1 0.067465 0.385918 0.021438 0.016043
1 0.257881 0.370766 0.023960 0.016043
1 0.622320 0.352496 0.021438 0.013369
1 0.623581 0.368538 0.023960 0.013369
1 0.075032 0.581105 0.023960 0.016043
1 0.072509 0.607398 0.016393 0.015152
1 0.474779 0.582442 0.021438 0.013369
1 0.072509 0.638592 0.023960 0.013369
1 0.539723 0.702763 0.022699 0.013369
1 0.594578 0.703209 0.016393 0.016043
1 0.653216 0.703209 0.022699 0.016043
1 0.540984 0.729501 0.020177 0.013369
1 0.597100 0.729947 0.021438 0.012478
1 0.654477 0.729947 0.020177 0.016043
1 0.749685 0.722371 0.018916 0.013369
1 0.807692 0.721034 0.016393 0.014260
1 0.865069 0.722371 0.017654 0.013369
1 0.439470 0.757576 0.023960 0.016043
1 0.538462 0.757130 0.020177 0.015152
1 0.595839 0.758021 0.018916 0.016934
1 0.654477 0.756239 0.020177 0.013369
1 0.748424 0.777184 0.021438 0.017825
1 0.807692 0.777629 0.016393 0.015152
1 0.383354 0.805704 0.027743 0.016043
1 0.438209 0.804367 0.023960 0.015152
1 0.498108 0.805258 0.022699 0.013369
1 0.120429 0.804813 0.018916 0.014260
1 0.175914 0.806595 0.021438 0.016043
1 0.234552 0.806150 0.022699 0.015152
1 0.538462 0.834225 0.022699 0.012478
1 0.683480 0.831996 0.022699 0.016934
1 0.538462 0.889929 0.020177 0.016934
1 0.611602 0.889929 0.022699 0.015152
0 0.572509 0.387701 0.794451 0.019608
