1 0.068096 0.141266 0.025221 0.013369
1 0.061791 0.266488 0.022699 0.016043
1 0.136192 0.264706 0.020177 0.016043
1 0.064313 0.525847 0.022699 0.014260
1 0.063052 0.544118 0.020177 0.015152
1 0.065574 0.565954 0.020177 0.014260
1 0.063682 0.584670 0.018916 0.012478
1 0.308953 0.525847 0.022699 0.014260
1 0.310214 0.545900 0.022699 0.016934
1 0.528373 0.525847 0.020177 0.012478
1 0.530265 0.546346 0.023960 0.014260
1 0.788146 0.525847 0.025221 0.016043
0 0.742119 0.065062 0.372005 0.033868
0 0.648172 0.111408 0.287516 0.023173
0 0.879571 0.112299 0.165195 0.023173
0 0.409206 0.172014 0.757881 0.016043
0 0.880202 0.172906 0.163934 0.014260
0 0.246532 0.201872 0.435057 0.013369
0 0.631148 0.203654 0.313997 0.015152
0 0.882093 0.203654 0.167718 0.013369
0 0.246532 0.231729 0.437579 0.017825
0 0.632409 0.234403 0.319042 0.014260
0 0.883354 0.233957 0.172762 0.015152
0 0.799496 0.263815 0.340479 0.021390
0 0.547919 0.295455 0.853720 0.015152
0 0.499369 0.355615 0.935687 0.069519
0 0.504414 0.459002 0.930643 0.074866
0 0.415511 0.546346 0.069357 0.017825
0 0.651955 0.567736 0.196721 0.016043
0 0.821564 0.567736 0.059269 0.016043
0 0.319042 0.768271 0.585120 0.017825
0 0.319672 0.817291 0.581337 0.049911
0 0.895334 0.765152 0.156368 0.029412
0 0.791929 0.801693 0.360656 0.016934
0 0.791929 0.831996 0.355612 0.016934
0 0.791929 0.863191 0.355612 0.013369
0 0.878941 0.901070 0.171501 0.024955
0 0.612863 0.901070 0.345523 0.024955
3 0.231400 0.898841 0.404792 0.024064
0 0.156999 0.651070 0.203026 0.027629
0 0.155738 0.678253 0.203026 0.028520
0 0.155738 0.704991 0.203026 0.028520
0 0.156999 0.731729 0.203026 0.028520
0 0.377680 0.651070 0.243380 0.029412
0 0.379571 0.679144 0.242119 0.030303
0 0.377680 0.705882 0.243380 0.030303
0 0.378310 0.732620 0.242119 0.030303
0 0.529004 0.650178 0.064313 0.027629
0 0.531526 0.677807 0.064313 0.027629
0 0.530265 0.704545 0.064313 0.027629
0 0.531526 0.733512 0.064313 0.028520
0 0.612863 0.649287 0.103405 0.027629
0 0.611602 0.676916 0.103405 0.027629
0 0.612863 0.705882 0.103405 0.026738
0 0.612863 0.733066 0.103405 0.027629
0 0.740858 0.649287 0.152585 0.029412
0 0.740858 0.678699 0.152585 0.029412
0 0.739596 0.705437 0.152585 0.029412
0 0.740858 0.732620 0.152585 0.030303
0 0.892812 0.651070 0.151324 0.029412
0 0.891551 0.678699 0.151324 0.029412
0 0.891551 0.705437 0.151324 0.029412
0 0.891551 0.732620 0.151324 0.030303
