0 0.843750 0.078598 0.199755 0.026515
0 0.236520 0.246212 0.085784 0.022727
1 0.109069 0.161458 0.022059 0.017992
1 0.283088 0.161458 0.022059 0.017992
1 0.108456 0.207386 0.020833 0.018939
1 0.284314 0.206439 0.024510 0.013258
1 0.372549 0.206439 0.019608 0.017045
1 0.539216 0.207860 0.019608 0.019886
1 0.735294 0.205966 0.019608 0.014205
0 0.384191 0.244318 0.089461 0.026515
0 0.626838 0.244792 0.025735 0.025568
0 0.657475 0.246686 0.025735 0.029356
0 0.683824 0.244318 0.026961 0.026515
0 0.518382 0.547822 0.845588 0.023674
0 0.405637 0.595170 0.620098 0.023674
0 0.893382 0.593750 0.102941 0.024621
0 0.405637 0.639205 0.622549 0.026515
0 0.777574 0.639678 0.106618 0.021780
0 0.892770 0.638731 0.101716 0.023674
0 0.223652 0.685133 0.258578 0.025568
0 0.467525 0.685133 0.207108 0.027462
0 0.761029 0.683712 0.367647 0.028409
0 0.447917 0.714489 0.145833 0.025568
0 0.230392 0.800189 0.264706 0.037879
0 0.417279 0.799716 0.113971 0.046402
0 0.514093 0.798295 0.096814 0.043561
0 0.607230 0.798295 0.106618 0.045455
0 0.693015 0.798769 0.069853 0.042614
0 0.777574 0.797822 0.116422 0.042614
0 0.886642 0.798295 0.113971 0.041667
0 0.229779 0.836648 0.270833 0.042614
0 0.414216 0.836174 0.112745 0.047348
0 0.514706 0.834280 0.100490 0.045455
0 0.608456 0.836648 0.113971 0.044508
0 0.689951 0.837121 0.080882 0.049242
0 0.781250 0.836648 0.113971 0.044508
0 0.887868 0.836174 0.118873 0.045455
0 0.231618 0.873106 0.269608 0.039773
0 0.416667 0.875947 0.117647 0.045455
0 0.517770 0.875947 0.089461 0.043561
0 0.609069 0.875473 0.105392 0.048295
0 0.693015 0.874527 0.074755 0.048295
0 0.780025 0.873580 0.118873 0.046402
0 0.884804 0.872633 0.120098 0.044508
1 0.106005 0.929451 0.025735 0.019886
1 0.436887 0.929924 0.023284 0.018939
1 0.107843 0.291193 0.022059 0.021780
1 0.213848 0.289773 0.020833 0.018939
1 0.290441 0.289773 0.019608 0.018939
1 0.380515 0.288352 0.023284 0.017992
1 0.471814 0.290246 0.024510 0.017992
1 0.556985 0.290720 0.023284 0.017045
1 0.637255 0.288826 0.026961 0.018939
1 0.736520 0.290720 0.014706 0.015152
1 0.812500 0.291193 0.024510 0.017992
1 0.106618 0.335701 0.026961 0.017992
1 0.213848 0.335227 0.018382 0.017045
1 0.292279 0.336174 0.020833 0.015152
1 0.381740 0.337595 0.018382 0.017992
1 0.471201 0.334754 0.025735 0.017992
1 0.555147 0.336648 0.024510 0.016098
1 0.634804 0.335701 0.022059 0.019886
1 0.734069 0.334280 0.024510 0.018939
1 0.813725 0.334754 0.024510 0.016098
1 0.740809 0.593277 0.020833 0.014205
1 0.775123 0.592803 0.020833 0.015152
1 0.815564 0.592803 0.018382 0.017045
