0 0.104035 0.101604 0.064313 0.021390
0 0.310845 0.101604 0.344262 0.021390
0 0.104035 0.122103 0.064313 0.021390
0 0.105296 0.143048 0.069357 0.022282
0 0.105296 0.161765 0.069357 0.022282
0 0.106557 0.182264 0.069357 0.022282
0 0.105296 0.200089 0.069357 0.022282
0 0.105296 0.223262 0.069357 0.022282
0 0.106557 0.241087 0.069357 0.022282
0 0.104035 0.262478 0.069357 0.022282
0 0.104035 0.284759 0.069357 0.022282
0 0.101513 0.302585 0.069357 0.022282
0 0.102774 0.321301 0.069357 0.022282
0 0.104035 0.343583 0.069357 0.022282
0 0.105296 0.364082 0.069357 0.022282
0 0.102774 0.385472 0.069357 0.022282
0 0.100252 0.403298 0.069357 0.022282
0 0.104035 0.425579 0.069357 0.022282
0 0.101513 0.444296 0.069357 0.022282
0 0.104035 0.465686 0.069357 0.022282
0 0.923707 0.122549 0.074401 0.022282
0 0.102774 0.487077 0.069357 0.022282
0 0.106557 0.504902 0.069357 0.022282
0 0.105296 0.527184 0.069357 0.022282
0 0.105296 0.545900 0.069357 0.022282
0 0.105296 0.566399 0.069357 0.022282
0 0.105296 0.586007 0.069357 0.022282
0 0.106557 0.606506 0.069357 0.022282
0 0.105296 0.627897 0.069357 0.022282
0 0.107818 0.647504 0.069357 0.022282
0 0.106557 0.667112 0.069357 0.022282
0 0.105296 0.687611 0.069357 0.022282
0 0.102774 0.706328 0.069357 0.022282
0 0.106557 0.726827 0.069357 0.022282
0 0.101513 0.747326 0.069357 0.022282
0 0.102774 0.768717 0.069357 0.022282
0 0.107818 0.790998 0.069357 0.022282
0 0.102774 0.808824 0.069357 0.022282
0 0.104035 0.828431 0.069357 0.022282
0 0.104035 0.848930 0.069357 0.022282
0 0.105296 0.868538 0.069357 0.022282
0 0.105296 0.890820 0.069357 0.022282
0 0.102774 0.908645 0.069357 0.022282
0 0.308323 0.120321 0.344262 0.021390
0 0.308323 0.141711 0.344262 0.021390
0 0.312106 0.162210 0.344262 0.021390
0 0.309584 0.180927 0.344262 0.021390
0 0.309584 0.201426 0.344262 0.021390
0 0.312106 0.221034 0.344262 0.021390
0 0.308323 0.242424 0.344262 0.021390
0 0.310845 0.261141 0.344262 0.021390
0 0.309584 0.280749 0.344262 0.021390
0 0.308323 0.302139 0.344262 0.021390
0 0.312106 0.321747 0.344262 0.021390
0 0.310845 0.343137 0.344262 0.021390
0 0.308323 0.363636 0.344262 0.021390
0 0.310845 0.383244 0.344262 0.021390
0 0.312106 0.403743 0.344262 0.021390
0 0.312106 0.425134 0.344262 0.021390
0 0.314628 0.444742 0.344262 0.021390
0 0.312106 0.465241 0.344262 0.021390
0 0.310845 0.483066 0.344262 0.021390
0 0.310845 0.504456 0.344262 0.021390
0 0.310845 0.524955 0.344262 0.021390
0 0.312106 0.544563 0.344262 0.021390
0 0.312106 0.565062 0.344262 0.021390
0 0.309584 0.585561 0.344262 0.021390
0 0.309584 0.604278 0.344262 0.021390
0 0.313367 0.627451 0.344262 0.021390
0 0.309584 0.647950 0.344262 0.021390
0 0.312106 0.670232 0.344262 0.021390
0 0.315889 0.688948 0.344262 0.021390
0 0.310845 0.705882 0.344262 0.021390
0 0.312106 0.727273 0.344262 0.021390
0 0.310845 0.746881 0.344262 0.021390
0 0.312106 0.768271 0.344262 0.021390
0 0.313367 0.786988 0.344262 0.021390
0 0.310845 0.807487 0.344262 0.021390
0 0.309584 0.828877 0.344262 0.021390
0 0.312106 0.848485 0.344262 0.021390
0 0.309584 0.868093 0.344262 0.021390
0 0.309584 0.890374 0.344262 0.021390
0 0.310845 0.909982 0.344262 0.021390
0 0.799496 0.148841 0.307692 0.023173
0 0.802018 0.176025 0.327869 0.027629
0 0.761665 0.214349 0.418663 0.022282
0 0.759142 0.238414 0.421185 0.018717
0 0.678436 0.258913 0.254729 0.018717
0 0.910467 0.259358 0.105927 0.021390
0 0.684111 0.312834 0.054224 0.014260
0 0.749685 0.311052 0.054224 0.014260
0 0.802648 0.337790 0.326608 0.023173
0 0.867591 0.309715 0.174023 0.016934
1 0.590164 0.402852 0.022699 0.010695
1 0.590794 0.419786 0.026482 0.016043
1 0.591425 0.466132 0.020177 0.012478
1 0.590794 0.485740 0.021438 0.016043
1 0.588903 0.081996 0.022699 0.017825
1 0.590164 0.099376 0.027743 0.016934
1 0.631778 0.121658 0.020177 0.015152
1 0.696091 0.125668 0.020177 0.016043
1 0.765448 0.124332 0.025221 0.015152
1 0.825977 0.122995 0.027743 0.019608
