1 0.107818 0.116310 0.018916 0.015152
1 0.109079 0.132353 0.029004 0.020499
1 0.178436 0.196970 0.023960 0.016043
1 0.177806 0.276738 0.030265 0.016934
1 0.176545 0.371212 0.022699 0.015152
1 0.178436 0.430036 0.026482 0.016934
1 0.177175 0.474599 0.018916 0.016934
1 0.177806 0.532531 0.025221 0.016934
0 0.587011 0.448307 0.054224 0.019608
0 0.656999 0.446078 0.055485 0.020499
0 0.798235 0.447861 0.206810 0.022282
0 0.754098 0.223262 0.416141 0.024064
0 0.754098 0.267825 0.418663 0.024064
0 0.756620 0.311052 0.413619 0.024955
0 0.755990 0.329768 0.409836 0.019608
0 0.677806 0.350713 0.255990 0.024064
0 0.906683 0.352941 0.108449 0.019608
0 0.759142 0.394831 0.423707 0.030303
