0 0.274905 0.095365 0.413619 0.019608
0 0.274905 0.138146 0.413619 0.019608
0 0.277427 0.159537 0.413619 0.019608
0 0.274905 0.222371 0.413619 0.018717
0 0.276166 0.468360 0.413619 0.018717
0 0.276166 0.488859 0.413619 0.018717
0 0.274905 0.530749 0.413619 0.018717
0 0.274905 0.508467 0.413619 0.018717
0 0.274905 0.551248 0.411097 0.020499
0 0.277427 0.571747 0.411097 0.020499
0 0.274905 0.591800 0.411097 0.019608
0 0.274275 0.611854 0.412358 0.020499
0 0.274905 0.631462 0.411097 0.020499
0 0.274275 0.651961 0.412358 0.020499
0 0.274275 0.672460 0.412358 0.020499
0 0.273644 0.692959 0.416141 0.022282
0 0.276166 0.713458 0.416141 0.022282
0 0.278689 0.733957 0.416141 0.022282
0 0.312736 0.340909 0.340479 0.020499
0 0.279950 0.772727 0.416141 0.023173
0 0.278689 0.793226 0.416141 0.023173
0 0.274905 0.812834 0.416141 0.023173
0 0.272383 0.833779 0.416141 0.022282
0 0.313997 0.361408 0.340479 0.020499
0 0.196091 0.180036 0.250946 0.019608
0 0.426230 0.179590 0.110971 0.020499
0 0.214376 0.297683 0.148802 0.019608
1 0.109079 0.262032 0.029004 0.017825
1 0.111602 0.277629 0.026482 0.013369
0 0.169609 0.415330 0.109710 0.019608
0 0.305801 0.414884 0.112232 0.024064
