0 0.476716 0.166667 0.276961 0.020833
0 0.188113 0.229167 0.256127 0.018939
0 0.795343 0.229167 0.272059 0.018939
1 0.069240 0.129261 0.020833 0.016098
1 0.068015 0.148201 0.020833 0.016098
1 0.069240 0.169508 0.020833 0.017045
1 0.069853 0.189867 0.022059 0.016098
1 0.069853 0.209280 0.022059 0.015152
1 0.351103 0.129261 0.020833 0.016098
1 0.351716 0.146780 0.024510 0.015152
1 0.669118 0.125473 0.024510 0.016098
1 0.666667 0.148201 0.022059 0.016098
1 0.667892 0.168561 0.017157 0.017045
1 0.666667 0.188920 0.019608 0.016098
1 0.668505 0.207386 0.020833 0.015152
1 0.069853 0.282670 0.022059 0.016098
1 0.068015 0.301136 0.020833 0.015152
1 0.070466 0.321970 0.018382 0.017045
1 0.070466 0.339489 0.023284 0.016098
1 0.069240 0.377367 0.023284 0.016098
1 0.207721 0.452652 0.023284 0.017045
0 0.519608 0.457386 0.147059 0.024621
0 0.813725 0.454072 0.208333 0.027462
0 0.178309 0.518466 0.256127 0.014205
0 0.373775 0.519886 0.088235 0.013258
0 0.561275 0.519886 0.262255 0.015152
0 0.729779 0.520360 0.052696 0.010417
0 0.856005 0.518466 0.172794 0.017992
0 0.445466 0.549242 0.697304 0.024621
0 0.904412 0.551136 0.083333 0.024621
