0 0.337957 0.051248 0.290038 0.024064
0 0.336066 0.076649 0.288777 0.023173
0 0.337957 0.103832 0.290038 0.022282
0 0.266078 0.138592 0.146280 0.024064
0 0.337327 0.164439 0.288777 0.022282
0 0.336696 0.191176 0.287516 0.022282
0 0.337327 0.236631 0.288777 0.063280
0 0.337327 0.282977 0.288777 0.022282
0 0.337957 0.325312 0.287516 0.023173
0 0.339218 0.350713 0.290038 0.020499
0 0.336696 0.377451 0.287516 0.022282
0 0.337327 0.430036 0.291299 0.024064
0 0.337327 0.454545 0.288777 0.021390
0 0.337327 0.480838 0.288777 0.022282
0 0.266078 0.516488 0.146280 0.020499
0 0.336696 0.543226 0.292560 0.022282
0 0.337957 0.568627 0.290038 0.023173
0 0.337327 0.614082 0.288777 0.060606
0 0.336066 0.660428 0.288777 0.021390
0 0.337327 0.703209 0.288777 0.023173
0 0.336696 0.729501 0.290038 0.022282
0 0.337957 0.755348 0.290038 0.022282
0 0.757881 0.514706 0.418663 0.794118
