1 0.403799 0.747633 0.023284 0.016098
1 0.471814 0.747159 0.022059 0.018939
1 0.403799 0.772727 0.020833 0.017045
1 0.473039 0.772254 0.022059 0.016098
1 0.402574 0.796402 0.023284 0.017045
1 0.472426 0.797348 0.020833 0.017045
1 0.401961 0.821496 0.019608 0.016098
1 0.473039 0.821970 0.022059 0.015152
1 0.402574 0.846591 0.023284 0.017045
1 0.472426 0.846591 0.020833 0.015152
1 0.402574 0.870739 0.018382 0.014205
1 0.473039 0.871212 0.022059 0.017045
1 0.401961 0.894886 0.019608 0.015152
1 0.472426 0.895833 0.018382 0.017045
2 0.490809 0.625000 0.020833 0.017045
2 0.492034 0.649148 0.020833 0.016098
2 0.488971 0.670928 0.019608 0.019886
2 0.751225 0.625947 0.022059 0.018939
2 0.751838 0.650568 0.018382 0.015152
0 0.571078 0.820076 0.132353 0.174242
0 0.299020 0.821023 0.132353 0.174242
0 0.208333 0.821023 0.058824 0.174242
