1 0.554534 0.253314 0.018382 0.012311
1 0.618260 0.251420 0.015931 0.010417
1 0.417892 0.774148 0.014706 0.014205
1 0.601716 0.775095 0.019608 0.014205
1 0.718750 0.776042 0.020833 0.014205
1 0.841912 0.776042 0.022059 0.019886
1 0.323529 0.631155 0.017157 0.016098
1 0.546569 0.629261 0.019608 0.014205
1 0.683211 0.610795 0.020833 0.015152
1 0.730392 0.631155 0.017157 0.016098
1 0.889706 0.610795 0.019608 0.015152
1 0.916667 0.630208 0.019608 0.014205
0 0.608456 0.421402 0.741422 0.073864
0 0.611520 0.525095 0.745098 0.076705
3 0.617034 0.670928 0.702206 0.025568
3 0.620098 0.716383 0.700980 0.021780
0 0.171569 0.668561 0.142157 0.026515
0 0.169730 0.708333 0.143382 0.028409
