0 0.300245 0.535038 0.134804 0.821970
0 0.207108 0.535985 0.056373 0.823864
0 0.569240 0.534091 0.136029 0.820076
1 0.401348 0.139678 0.020833 0.016098
1 0.471814 0.140152 0.022059 0.017045
1 0.401961 0.167614 0.022059 0.017045
1 0.471814 0.167614 0.022059 0.017045
1 0.403186 0.194129 0.024510 0.015152
1 0.470588 0.195549 0.019608 0.017992
1 0.402574 0.222538 0.020833 0.015152
1 0.471201 0.222538 0.018382 0.015152
1 0.403186 0.250000 0.019608 0.017045
1 0.471814 0.250473 0.019608 0.017992
1 0.401961 0.276515 0.019608 0.017045
1 0.472426 0.277936 0.023284 0.016098
1 0.402574 0.304451 0.020833 0.014205
1 0.471814 0.304924 0.024510 0.017045
1 0.403186 0.331913 0.019608 0.016098
1 0.472426 0.332860 0.020833 0.014205
1 0.401348 0.359848 0.023284 0.017045
1 0.472426 0.359375 0.020833 0.014205
1 0.402574 0.386364 0.020833 0.017045
1 0.472426 0.386837 0.020833 0.017992
1 0.403186 0.413352 0.022059 0.016098
1 0.473039 0.413352 0.022059 0.016098
1 0.401961 0.440341 0.022059 0.015152
1 0.472426 0.440814 0.020833 0.016098
1 0.401961 0.467803 0.019608 0.015152
1 0.472426 0.468277 0.020833 0.016098
1 0.402574 0.495265 0.020833 0.017045
1 0.473039 0.496212 0.022059 0.015152
1 0.401961 0.522727 0.024510 0.017045
1 0.472426 0.522727 0.020833 0.017045
1 0.402574 0.549716 0.020833 0.016098
1 0.473039 0.550189 0.022059 0.017045
1 0.402574 0.576705 0.020833 0.015152
1 0.472426 0.577178 0.023284 0.017992
1 0.402574 0.604167 0.023284 0.015152
1 0.473039 0.603693 0.024510 0.014205
1 0.401961 0.631155 0.022059 0.014205
1 0.472426 0.631629 0.020833 0.017045
1 0.401961 0.659091 0.019608 0.015152
1 0.472426 0.658617 0.020833 0.016098
1 0.402574 0.686553 0.023284 0.017045
1 0.472426 0.687027 0.020833 0.016098
1 0.402574 0.713068 0.023284 0.015152
1 0.473039 0.714015 0.022059 0.017045
1 0.401961 0.740530 0.024510 0.015152
1 0.473652 0.741477 0.023284 0.017045
1 0.402574 0.767519 0.023284 0.016098
1 0.473039 0.768466 0.022059 0.016098
1 0.401348 0.795455 0.020833 0.017045
1 0.471814 0.794981 0.019608 0.016098
1 0.402574 0.822443 0.020833 0.016098
1 0.473039 0.822443 0.022059 0.017992
1 0.402574 0.848958 0.020833 0.016098
1 0.473039 0.849905 0.022059 0.016098
1 0.402574 0.876894 0.023284 0.017045
1 0.472426 0.876894 0.023284 0.017045
1 0.403186 0.903883 0.024510 0.017992
1 0.472426 0.904830 0.023284 0.017992
1 0.402574 0.931345 0.020833 0.017992
1 0.473039 0.931345 0.022059 0.016098
