0 0.246936 0.196023 0.307598 0.053030
0 0.553309 0.196496 0.297794 0.052083
0 0.825368 0.196496 0.238971 0.052083
0 0.788603 0.275095 0.312500 0.027462
0 0.502451 0.275568 0.213235 0.028409
0 0.221201 0.276042 0.248775 0.027462
0 0.306985 0.321496 0.420343 0.027462
0 0.732230 0.321496 0.422794 0.027462
0 0.306985 0.366477 0.422794 0.028409
0 0.520221 0.457386 0.846814 0.028409
0 0.878676 0.487216 0.132353 0.027462
0 0.375613 0.639205 0.557598 0.026515
0 0.848039 0.638731 0.186275 0.027462
0 0.373775 0.684659 0.556373 0.026515
0 0.704657 0.684659 0.093137 0.026515
0 0.849265 0.685133 0.191176 0.027462
0 0.238358 0.729167 0.285539 0.030303
0 0.471201 0.729640 0.167892 0.029356
0 0.753064 0.730114 0.386029 0.028409
0 0.288603 0.776042 0.386029 0.027462
0 0.741422 0.775095 0.406863 0.027462
0 0.289828 0.820549 0.388480 0.025568
1 0.544118 0.415720 0.022059 0.017045
1 0.627451 0.415246 0.022059 0.017992
1 0.774510 0.416193 0.022059 0.017992
1 0.832108 0.392992 0.019608 0.017045
1 0.900735 0.393466 0.022059 0.016098
1 0.832721 0.552083 0.020833 0.017045
1 0.900123 0.551610 0.020833 0.019886
1 0.674632 0.638258 0.020833 0.017045
1 0.703431 0.639205 0.022059 0.018939
1 0.734069 0.639205 0.022059 0.017045
