1 0.076593 0.386837 0.023284 0.016098
1 0.364583 0.388731 0.020833 0.019886
1 0.655025 0.387311 0.023284 0.017045
1 0.467525 0.456913 0.020833 0.014205
1 0.677696 0.457386 0.022059 0.017045
1 0.868873 0.457386 0.022059 0.017045
1 0.821691 0.486269 0.018382 0.017992
1 0.887868 0.485322 0.018382 0.016098
1 0.282475 0.486742 0.023284 0.018939
1 0.346201 0.485322 0.020833 0.017992
1 0.068627 0.548769 0.019608 0.016098
1 0.067402 0.567235 0.019608 0.017045
1 0.069240 0.607481 0.020833 0.017992
1 0.068015 0.757576 0.023284 0.015152
1 0.068015 0.776515 0.023284 0.018939
1 0.067402 0.812500 0.022059 0.017045
