0 0.232843 0.407670 0.350490 0.097538
0 0.495098 0.407670 0.186275 0.095644
0 0.762868 0.408144 0.359069 0.092803
0 0.229167 0.500473 0.350490 0.097538
0 0.231618 0.590436 0.350490 0.097538
0 0.229167 0.682292 0.350490 0.097538
0 0.230392 0.775095 0.350490 0.097538
0 0.232843 0.866004 0.350490 0.097538
0 0.496324 0.498580 0.186275 0.095644
0 0.495098 0.589489 0.186275 0.095644
0 0.492647 0.681345 0.186275 0.095644
0 0.493873 0.772254 0.186275 0.095644
0 0.495098 0.863163 0.186275 0.095644
0 0.764093 0.500000 0.359069 0.092803
0 0.762868 0.589962 0.359069 0.092803
0 0.764093 0.680871 0.359069 0.092803
0 0.761642 0.772727 0.359069 0.092803
0 0.762868 0.862689 0.359069 0.092803
