0 0.338588 0.107843 0.291299 0.023173
0 0.337327 0.132799 0.288777 0.024955
0 0.338588 0.159537 0.291299 0.023173
0 0.266709 0.194742 0.142497 0.020499
0 0.339218 0.221480 0.290038 0.024064
0 0.338588 0.246881 0.288777 0.021390
0 0.337957 0.292781 0.287516 0.063280
0 0.337327 0.338681 0.288777 0.023173
0 0.338588 0.381016 0.288777 0.022282
0 0.337957 0.408200 0.290038 0.023173
0 0.337957 0.433155 0.287516 0.023173
0 0.337957 0.484848 0.290038 0.024955
0 0.337327 0.510250 0.288777 0.024064
0 0.337957 0.536988 0.290038 0.024064
0 0.266078 0.572193 0.146280 0.023173
0 0.337957 0.598039 0.290038 0.021390
0 0.339218 0.623886 0.290038 0.024955
0 0.337957 0.670677 0.287516 0.063280
0 0.339218 0.716132 0.287516 0.024064
0 0.337957 0.758913 0.287516 0.022282
0 0.338588 0.785651 0.291299 0.022282
0 0.337957 0.811497 0.287516 0.024064
0 0.819672 0.108289 0.290038 0.024064
0 0.819672 0.133244 0.290038 0.022282
0 0.819042 0.159982 0.288777 0.024064
0 0.747793 0.195633 0.146280 0.024064
0 0.819672 0.221480 0.290038 0.024064
0 0.819672 0.247326 0.287516 0.024064
0 0.819042 0.293226 0.288777 0.064171
0 0.819672 0.340018 0.287516 0.024064
0 0.820303 0.382353 0.288777 0.021390
0 0.819042 0.407754 0.288777 0.022282
0 0.819672 0.433601 0.290038 0.024064
0 0.819672 0.486631 0.287516 0.024955
0 0.818411 0.511141 0.287516 0.024064
0 0.819672 0.538324 0.290038 0.024955
0 0.748424 0.573975 0.147541 0.023173
0 0.819672 0.600267 0.290038 0.024064
0 0.819042 0.625223 0.288777 0.024064
0 0.819042 0.671123 0.291299 0.064171
0 0.819042 0.718360 0.288777 0.023173
0 0.819672 0.760695 0.290038 0.022282
0 0.819042 0.786096 0.288777 0.021390
0 0.819672 0.812389 0.290038 0.024064
