0 0.664216 0.276042 0.639706 0.044508
0 0.660539 0.311080 0.644608 0.046402
0 0.255515 0.876420 0.165441 0.023674
0 0.351716 0.916193 0.254902 0.033144
0 0.661765 0.343277 0.644608 0.044508
0 0.661765 0.374527 0.642157 0.048295
0 0.658088 0.404830 0.637255 0.040720
0 0.659926 0.437027 0.631127 0.031250
0 0.661152 0.469223 0.631127 0.035038
0 0.658088 0.530777 0.632353 0.038826
0 0.656863 0.562027 0.637255 0.042614
0 0.656863 0.593277 0.637255 0.040720
0 0.656863 0.624527 0.637255 0.042614
0 0.656863 0.654830 0.637255 0.042614
0 0.659314 0.687027 0.637255 0.042614
0 0.659314 0.718277 0.637255 0.040720
0 0.659314 0.749527 0.639706 0.042614
3 0.736520 0.912405 0.262255 0.040720
