0 0.276797 0.337790 0.414880 0.023173
0 0.337957 0.363636 0.290038 0.023173
0 0.337327 0.389929 0.288777 0.024064
0 0.266078 0.425579 0.148802 0.022282
0 0.338588 0.451872 0.291299 0.023173
0 0.275536 0.492870 0.414880 0.023173
0 0.337957 0.549911 0.290038 0.023173
0 0.337957 0.575312 0.292560 0.024064
0 0.267339 0.612299 0.151324 0.023173
0 0.338588 0.638146 0.291299 0.023173
0 0.802648 0.605169 0.324086 0.023173
0 0.802018 0.631907 0.322825 0.023173
0 0.757251 0.673797 0.414880 0.023173
0 0.801387 0.720143 0.321564 0.062389
0 0.802648 0.766934 0.321564 0.024064
0 0.802018 0.808824 0.325347 0.024064
0 0.802648 0.835116 0.324086 0.023173
0 0.802648 0.860963 0.324086 0.023173
0 0.757251 0.915775 0.417402 0.022282
1 0.590164 0.331996 0.025221 0.016934
1 0.589533 0.348930 0.026482 0.016934
1 0.590164 0.409982 0.022699 0.016043
1 0.591425 0.440731 0.022699 0.016934
1 0.847415 0.501783 0.025221 0.017825
1 0.847415 0.519608 0.027743 0.016043
1 0.847415 0.537879 0.022699 0.018717
1 0.849306 0.557487 0.023960 0.015152
