0 0.627364 0.303922 0.611602 0.021390
0 0.453972 0.344029 0.262295 0.019608
0 0.626103 0.392602 0.609079 0.036542
0 0.626103 0.450089 0.609079 0.037433
0 0.467213 0.516043 0.288777 0.019608
0 0.779950 0.516043 0.303909 0.019608
0 0.467213 0.549911 0.288777 0.019608
0 0.626734 0.583333 0.607818 0.020499
0 0.627364 0.617647 0.611602 0.019608
0 0.854351 0.675134 0.152585 0.020499
1 0.336696 0.674688 0.035309 0.023173
1 0.336066 0.697415 0.034048 0.022282
1 0.336696 0.721925 0.037831 0.024955
1 0.336066 0.745544 0.034048 0.024064
1 0.336696 0.769162 0.032787 0.023173
1 0.335435 0.826649 0.032787 0.024064
1 0.335435 0.850267 0.035309 0.023173
0 0.839218 0.068182 0.182850 0.024064
