1 0.074755 0.196023 0.012255 0.013258
1 0.181985 0.196970 0.013480 0.011364
1 0.245711 0.400095 0.020833 0.016098
1 0.068627 0.591383 0.024510 0.016098
1 0.068627 0.627841 0.024510 0.017045
0 0.490196 0.271780 0.325980 0.219697
0 0.793505 0.225379 0.307598 0.130682
0 0.795956 0.332386 0.302696 0.098485
0 0.789828 0.435606 0.290441 0.026515
0 0.529412 0.436080 0.200980 0.027462
0 0.272059 0.714962 0.350490 0.026515
0 0.588235 0.714962 0.267157 0.028409
0 0.835172 0.715436 0.219363 0.027462
0 0.270221 0.832386 0.349265 0.049242
0 0.585172 0.831913 0.275735 0.050189
0 0.835784 0.831913 0.220588 0.048295
0 0.186887 0.248106 0.246324 0.022727
0 0.186275 0.318182 0.240196 0.018939
0 0.185662 0.362216 0.238971 0.021780
