0 0.794451 0.188948 0.201765 0.016043
0 0.793821 0.210339 0.203026 0.021390
0 0.834174 0.231283 0.122320 0.018717
0 0.329760 0.375223 0.303909 0.048128
0 0.509458 0.375668 0.060530 0.054367
0 0.614124 0.373440 0.153846 0.053476
0 0.750315 0.375668 0.126103 0.056150
0 0.867591 0.375668 0.128625 0.054367
0 0.863178 0.513815 0.139975 0.090018
0 0.856242 0.688948 0.151324 0.103387
0 0.625473 0.871658 0.610340 0.131907
1 0.302018 0.168895 0.034048 0.024064
1 0.382724 0.168449 0.031526 0.021390
1 0.333544 0.299020 0.031526 0.025847
1 0.420555 0.299911 0.034048 0.024064
1 0.335435 0.449643 0.032787 0.024064
1 0.421816 0.450089 0.034048 0.024955
1 0.335435 0.604278 0.032787 0.023173
1 0.421185 0.604724 0.035309 0.024064
1 0.335435 0.797237 0.035309 0.024064
1 0.421816 0.797683 0.034048 0.024955
