1 0.334805 0.068182 0.034048 0.020499
1 0.421816 0.069073 0.034048 0.024064
1 0.329760 0.122995 0.031526 0.021390
1 0.544136 0.122995 0.034048 0.024955
1 0.810214 0.181373 0.031526 0.024064
1 0.811475 0.206328 0.031526 0.020499
1 0.810845 0.229055 0.030265 0.024955
1 0.328499 0.356952 0.034048 0.022282
1 0.542875 0.356506 0.034048 0.023173
1 0.809584 0.416221 0.032787 0.023173
1 0.810845 0.440285 0.030265 0.021390
1 0.810845 0.463904 0.030265 0.024064
1 0.547289 0.514706 0.035309 0.020499
1 0.547919 0.536542 0.034048 0.024955
1 0.606557 0.515152 0.032787 0.023173
1 0.606557 0.536988 0.032787 0.024064
1 0.334805 0.571747 0.034048 0.024064
1 0.406683 0.572638 0.034048 0.024064
1 0.336696 0.618984 0.030265 0.022282
1 0.423077 0.620766 0.034048 0.024064
1 0.679067 0.670232 0.031526 0.021390
1 0.679067 0.695187 0.029004 0.019608
1 0.677175 0.718806 0.032787 0.022282
1 0.724464 0.717469 0.029004 0.023173
1 0.724464 0.741533 0.031526 0.019608
1 0.677175 0.742870 0.030265 0.018717
1 0.676545 0.766043 0.034048 0.022282
1 0.723203 0.765152 0.034048 0.024064
1 0.677806 0.789661 0.034048 0.021390
1 0.725095 0.789216 0.035309 0.022282
1 0.676545 0.812834 0.034048 0.023173
1 0.724464 0.812834 0.031526 0.024955
1 0.676545 0.836007 0.034048 0.023173
1 0.724464 0.836898 0.031526 0.023173
1 0.676545 0.859180 0.034048 0.023173
1 0.724464 0.859626 0.036570 0.022282
1 0.677175 0.883690 0.032787 0.022282
1 0.725725 0.884135 0.034048 0.023173
1 0.677175 0.909982 0.035309 0.021390
1 0.726986 0.909537 0.039092 0.022282
1 0.676545 0.934046 0.036570 0.023173
1 0.724464 0.934046 0.031526 0.023173
1 0.904792 0.668895 0.036570 0.022282
1 0.904161 0.695187 0.035309 0.024955
1 0.904792 0.718360 0.034048 0.021390
1 0.904161 0.741533 0.032787 0.023173
1 0.906053 0.765152 0.036570 0.022282
1 0.904792 0.788324 0.034048 0.024064
1 0.904161 0.811943 0.035309 0.024955
1 0.905422 0.836898 0.037831 0.023173
1 0.906053 0.859180 0.036570 0.023173
1 0.906053 0.882799 0.036570 0.024064
1 0.904161 0.910428 0.032787 0.020499
1 0.906053 0.933155 0.031526 0.023173
0 0.564943 0.801693 0.161412 0.284314
0 0.817150 0.802585 0.116015 0.286096
0 0.412358 0.799911 0.118537 0.284314
0 0.189786 0.934046 0.291299 0.019608
0 0.802648 0.066845 0.255990 0.019608
0 0.734552 0.206328 0.076923 0.072193
0 0.922446 0.208111 0.087011 0.072193
0 0.604035 0.206328 0.133670 0.072193
0 0.460908 0.207219 0.076923 0.070410
0 0.371375 0.207219 0.094578 0.070410
0 0.178436 0.216578 0.276166 0.051693
0 0.703026 0.275847 0.528373 0.022282
0 0.701135 0.305258 0.529634 0.038324
0 0.181589 0.439840 0.274905 0.073975
0 0.372005 0.440285 0.095839 0.073084
0 0.461538 0.440285 0.075662 0.071301
0 0.604666 0.439840 0.132409 0.073975
0 0.736444 0.439840 0.078184 0.073975
0 0.919924 0.440731 0.089533 0.075758
