0 0.668505 0.214489 0.084559 0.017992
0 0.585172 0.229167 0.229167 0.013258
0 0.339461 0.243845 0.166667 0.014205
0 0.529412 0.267045 0.254902 0.018939
0 0.577206 0.309186 0.272059 0.017992
0 0.580270 0.325758 0.280637 0.011364
0 0.584559 0.339489 0.291667 0.012311
0 0.440564 0.363636 0.150735 0.017045
0 0.625613 0.362689 0.133578 0.018939
0 0.734681 0.361742 0.047794 0.020833
0 0.477941 0.644886 0.235294 0.015152
3 0.694853 0.642992 0.139706 0.017045
0 0.461397 0.669508 0.194853 0.018939
0 0.476716 0.697917 0.227941 0.018939
3 0.696078 0.696970 0.142157 0.018939
0 0.503064 0.725379 0.280637 0.018939
0 0.457721 0.753314 0.189951 0.016098
0 0.694240 0.751420 0.143382 0.019886
0 0.500613 0.809186 0.287990 0.016098
0 0.457108 0.834754 0.191176 0.017992
3 0.701593 0.833807 0.158088 0.021780
0 0.502451 0.873580 0.291667 0.021780
0 0.590686 0.937027 0.634804 0.023674
0 0.281250 0.421402 0.062500 0.013258
0 0.281250 0.435133 0.062500 0.014205
0 0.281250 0.449811 0.062500 0.013258
0 0.281250 0.463542 0.062500 0.014205
0 0.281250 0.478220 0.062500 0.013258
0 0.281250 0.491477 0.062500 0.013258
0 0.442402 0.421402 0.257353 0.015152
0 0.442402 0.435133 0.257353 0.016098
0 0.442402 0.449811 0.257353 0.015152
0 0.442402 0.463542 0.257353 0.016098
0 0.442402 0.478220 0.257353 0.015152
0 0.442402 0.491951 0.257353 0.016098
0 0.688113 0.420455 0.236520 0.015152
0 0.688113 0.435133 0.236520 0.016098
0 0.690564 0.448864 0.236520 0.015152
0 0.688113 0.463542 0.236520 0.016098
0 0.688113 0.477273 0.236520 0.015152
0 0.688113 0.491951 0.236520 0.016098
