0 0.361520 0.216383 0.154412 0.012311
0 0.650123 0.216383 0.160539 0.012311
0 0.675245 0.229167 0.110294 0.013258
0 0.485907 0.229167 0.037990 0.015152
0 0.311275 0.242898 0.107843 0.012311
0 0.419730 0.242898 0.062500 0.014205
0 0.480392 0.354167 0.232843 0.013258
0 0.465686 0.379261 0.215686 0.017992
0 0.430760 0.435133 0.246324 0.017992
0 0.431373 0.462595 0.247549 0.019886
3 0.438113 0.488636 0.238971 0.017045
3 0.441176 0.528883 0.250000 0.019886
0 0.431985 0.557292 0.187500 0.019886
0 0.403186 0.610795 0.174020 0.018939
3 0.404412 0.640152 0.169118 0.017045
0 0.415441 0.664773 0.149510 0.017045
0 0.408088 0.691761 0.178922 0.019886
3 0.408701 0.747633 0.177696 0.017992
0 0.420956 0.771780 0.160539 0.022727
0 0.283701 0.297348 0.067402 0.013258
0 0.283701 0.312027 0.067402 0.012311
0 0.466912 0.297348 0.299020 0.013258
0 0.466912 0.311080 0.299020 0.014205
0 0.743260 0.297348 0.251225 0.015152
0 0.743260 0.312027 0.251225 0.014205
