0 0.666667 0.247633 0.093137 0.016098
0 0.582108 0.262311 0.259804 0.013258
0 0.311275 0.276989 0.112745 0.014205
0 0.513480 0.301136 0.250000 0.017045
0 0.530025 0.344223 0.251225 0.014205
0 0.429534 0.608902 0.202206 0.013258
0 0.530025 0.358902 0.251225 0.013258
0 0.536152 0.371686 0.251225 0.014205
0 0.686887 0.599905 0.155637 0.029356
0 0.429534 0.635417 0.202206 0.013258
0 0.425858 0.661458 0.199755 0.016098
0 0.686275 0.661458 0.154412 0.014205
0 0.430760 0.688920 0.209559 0.014205
0 0.719363 0.714489 0.154412 0.016098
0 0.418505 0.717330 0.199755 0.016098
0 0.427083 0.770833 0.207108 0.015152
0 0.423407 0.795455 0.199755 0.018939
0 0.685662 0.796402 0.153186 0.018939
0 0.420956 0.825758 0.207108 0.017045
0 0.582108 0.913826 0.632353 0.068182
0 0.423407 0.398201 0.113971 0.014205
0 0.580270 0.398201 0.099265 0.014205
0 0.659314 0.397727 0.022059 0.013258
0 0.283701 0.468277 0.069853 0.014205
0 0.283701 0.482955 0.069853 0.013258
0 0.460784 0.468277 0.284314 0.014205
0 0.460784 0.482955 0.284314 0.015152
0 0.718750 0.468277 0.231618 0.014205
0 0.718750 0.482008 0.231618 0.015152
3 0.718750 0.625473 0.148284 0.016098
3 0.710784 0.743845 0.154412 0.019886
3 0.715686 0.678030 0.137255 0.017045
3 0.723039 0.817235 0.149510 0.018939
