0 0.416772 0.196970 0.313997 0.021390
0 0.745902 0.196970 0.324086 0.021390
0 0.668979 0.282977 0.472888 0.022282
0 0.668979 0.303922 0.475410 0.021390
0 0.374527 0.359626 0.232030 0.022282
0 0.582598 0.426916 0.645649 0.021390
0 0.376419 0.483957 0.233291 0.021390
0 0.415511 0.559715 0.311475 0.021390
0 0.746532 0.560160 0.322825 0.020499
0 0.416772 0.657308 0.311475 0.022282
0 0.743380 0.657754 0.324086 0.021390
0 0.668979 0.743761 0.117276 0.022282
0 0.669609 0.782977 0.474149 0.020499
0 0.723203 0.868093 0.230769 0.021390
1 0.276166 0.256684 0.035309 0.024955
1 0.360656 0.256239 0.032787 0.024064
1 0.276166 0.617647 0.032787 0.021390
1 0.360656 0.618093 0.030265 0.022282
1 0.274905 0.715241 0.030265 0.022282
1 0.361917 0.715686 0.030265 0.021390
1 0.274905 0.840909 0.032787 0.022282
1 0.361917 0.841800 0.030265 0.022282
1 0.275536 0.937166 0.031526 0.022282
1 0.624212 0.937166 0.032787 0.022282
