0 0.356873 0.354278 0.100883 0.024064
0 0.472257 0.354724 0.102144 0.023173
0 0.586381 0.354278 0.100883 0.024064
0 0.464061 0.451426 0.312736 0.022282
0 0.792560 0.452317 0.324086 0.022282
0 0.424338 0.512923 0.230769 0.022282
0 0.375158 0.599376 0.134931 0.020499
0 0.703657 0.600713 0.501892 0.021390
0 0.464061 0.638146 0.312736 0.023173
0 0.791299 0.637701 0.321564 0.022282
0 0.630517 0.729501 0.645649 0.022282
0 0.630517 0.750000 0.645649 0.022282
0 0.673392 0.816845 0.431274 0.020499
0 0.674653 0.836453 0.431274 0.020499
0 0.674653 0.856952 0.431274 0.020499
0 0.921185 0.816845 0.059269 0.020499
0 0.921185 0.836453 0.059269 0.020499
0 0.919924 0.856952 0.059269 0.020499
1 0.323455 0.702317 0.034048 0.023173
1 0.409836 0.702317 0.032787 0.023173
1 0.323455 0.935383 0.034048 0.022282
1 0.409836 0.934938 0.032787 0.023173
