0 0.285624 0.297237 0.097100 0.020499
0 0.399748 0.297683 0.098361 0.023173
0 0.513871 0.298128 0.097100 0.022282
0 0.605927 0.455882 0.649433 0.022282
0 0.605927 0.493761 0.646910 0.023173
0 0.387137 0.569073 0.209332 0.022282
0 0.353090 0.648396 0.138714 0.020499
0 0.679067 0.647059 0.500631 0.021390
0 0.438840 0.685383 0.310214 0.023173
0 0.766709 0.685383 0.327869 0.023173
0 0.350567 0.764260 0.136192 0.022282
0 0.678436 0.763815 0.504414 0.021390
0 0.440101 0.800802 0.312736 0.022282
0 0.766078 0.801248 0.326608 0.023173
0 0.648802 0.868984 0.432535 0.021390
0 0.648802 0.888592 0.432535 0.021390
0 0.651324 0.907308 0.432535 0.021390
0 0.650063 0.927807 0.432535 0.021390
0 0.895334 0.867201 0.060530 0.019608
0 0.897226 0.887255 0.061791 0.020499
0 0.895965 0.908200 0.059269 0.023173
0 0.896595 0.928699 0.063052 0.019608
