0 0.104666 0.101604 0.065574 0.021390
0 0.104666 0.606952 0.065574 0.021390
0 0.104666 0.524955 0.065574 0.021390
0 0.103405 0.565954 0.065574 0.021390
0 0.104666 0.586453 0.065574 0.021390
0 0.104666 0.404635 0.065574 0.021390
0 0.104666 0.424242 0.065574 0.021390
0 0.103405 0.444742 0.065574 0.021390
0 0.103405 0.464349 0.065574 0.021390
0 0.103405 0.485740 0.065574 0.021390
0 0.104666 0.505348 0.065574 0.021390
0 0.104666 0.546346 0.065574 0.021390
0 0.103405 0.120321 0.065574 0.021390
0 0.103405 0.139929 0.065574 0.021390
0 0.103405 0.161319 0.065574 0.021390
0 0.103405 0.182709 0.065574 0.021390
0 0.103405 0.202317 0.065574 0.021390
0 0.104666 0.222816 0.065574 0.021390
0 0.104666 0.242424 0.065574 0.021390
0 0.103405 0.262923 0.065574 0.021390
0 0.103405 0.282531 0.065574 0.021390
0 0.103405 0.302139 0.065574 0.021390
0 0.103405 0.323529 0.065574 0.021390
0 0.103405 0.344029 0.065574 0.021390
0 0.103405 0.363636 0.065574 0.021390
0 0.103405 0.384135 0.065574 0.021390
0 0.103405 0.909537 0.068096 0.018717
0 0.103405 0.827540 0.068096 0.018717
0 0.103405 0.788324 0.068096 0.018717
0 0.103405 0.808824 0.068096 0.018717
0 0.103405 0.767825 0.068096 0.018717
0 0.103405 0.748217 0.068096 0.018717
0 0.104666 0.727718 0.068096 0.018717
0 0.104666 0.707219 0.068096 0.018717
0 0.103405 0.686720 0.068096 0.018717
0 0.103405 0.666221 0.068096 0.018717
0 0.103405 0.646613 0.068096 0.018717
0 0.104666 0.626114 0.068096 0.018717
0 0.104666 0.888146 0.068096 0.018717
0 0.104666 0.868538 0.068096 0.018717
0 0.104666 0.848930 0.068096 0.018717
0 0.549180 0.101159 0.823455 0.020499
0 0.549180 0.364973 0.823455 0.020499
0 0.547919 0.383690 0.823455 0.020499
0 0.547919 0.405080 0.823455 0.020499
0 0.546658 0.424688 0.823455 0.020499
0 0.547919 0.444296 0.823455 0.020499
0 0.549180 0.463904 0.823455 0.020499
0 0.549180 0.484403 0.823455 0.020499
0 0.549180 0.504011 0.823455 0.020499
0 0.549180 0.526292 0.823455 0.020499
0 0.549180 0.122549 0.823455 0.020499
0 0.550441 0.140374 0.823455 0.020499
0 0.549180 0.161765 0.823455 0.020499
0 0.549180 0.180481 0.823455 0.020499
0 0.550441 0.201872 0.823455 0.020499
0 0.549180 0.221480 0.823455 0.020499
0 0.550441 0.243761 0.823455 0.020499
0 0.551702 0.262478 0.823455 0.020499
0 0.550441 0.282086 0.823455 0.020499
0 0.550441 0.302585 0.823455 0.020499
0 0.547919 0.323084 0.823455 0.020499
0 0.547919 0.343583 0.823455 0.020499
0 0.549180 0.909091 0.823455 0.021390
0 0.550441 0.768271 0.823455 0.021390
0 0.549180 0.748663 0.823455 0.021390
0 0.549180 0.728164 0.823455 0.021390
0 0.549180 0.707665 0.823455 0.021390
0 0.549180 0.647950 0.823455 0.021390
0 0.549180 0.606061 0.823455 0.021390
0 0.550441 0.626560 0.823455 0.021390
0 0.550441 0.688057 0.823455 0.021390
0 0.549180 0.667558 0.823455 0.021390
0 0.547919 0.585561 0.823455 0.021390
0 0.547919 0.565062 0.823455 0.021390
0 0.550441 0.546346 0.823455 0.021390
0 0.549180 0.868984 0.823455 0.021390
0 0.549180 0.849376 0.823455 0.021390
0 0.547919 0.828877 0.823455 0.021390
0 0.549180 0.808378 0.823455 0.021390
0 0.549180 0.786988 0.823455 0.021390
0 0.550441 0.888592 0.823455 0.021390
