0 0.275536 0.439394 0.412358 0.245989
0 0.156999 0.649287 0.170240 0.041889
0 0.156999 0.688503 0.170240 0.041889
0 0.158260 0.730392 0.170240 0.041889
0 0.156999 0.771390 0.170240 0.041889
0 0.156999 0.811497 0.170240 0.041889
0 0.156999 0.849822 0.170240 0.041889
0 0.158260 0.892602 0.170240 0.041889
0 0.332913 0.639037 0.103405 0.021390
0 0.674023 0.659537 0.578815 0.021390
0 0.674023 0.639037 0.576293 0.021390
0 0.332913 0.660428 0.103405 0.021390
0 0.332913 0.680927 0.103405 0.021390
0 0.335435 0.698752 0.103405 0.021390
0 0.334174 0.718360 0.103405 0.021390
0 0.334174 0.739750 0.103405 0.021390
0 0.334174 0.759358 0.103405 0.021390
0 0.332913 0.779857 0.103405 0.021390
0 0.334174 0.799465 0.103405 0.021390
0 0.335435 0.821747 0.103405 0.021390
0 0.335435 0.841355 0.103405 0.021390
0 0.332913 0.860963 0.103405 0.021390
0 0.331652 0.880570 0.103405 0.021390
0 0.331652 0.901961 0.103405 0.021390
0 0.672762 0.697861 0.576293 0.021390
0 0.674023 0.739750 0.576293 0.021390
0 0.675284 0.759358 0.576293 0.021390
0 0.674023 0.780749 0.576293 0.021390
0 0.674023 0.801248 0.576293 0.021390
0 0.674023 0.820856 0.576293 0.021390
0 0.674023 0.841355 0.576293 0.021390
0 0.675284 0.860963 0.576293 0.021390
0 0.675284 0.881462 0.576293 0.021390
0 0.675284 0.900178 0.576293 0.021390
0 0.671501 0.680036 0.576293 0.021390
0 0.672762 0.720143 0.576293 0.021390
1 0.404161 0.148396 0.023960 0.018717
1 0.471627 0.148841 0.025221 0.019608
1 0.403531 0.247772 0.025221 0.016043
1 0.472257 0.248663 0.021438 0.016043
