0 0.280580 0.165330 0.419924 0.022282
0 0.279319 0.184938 0.419924 0.022282
0 0.278058 0.203654 0.419924 0.022282
0 0.279319 0.224153 0.419924 0.022282
0 0.281211 0.266488 0.421185 0.019608
0 0.281211 0.563280 0.421185 0.019608
0 0.279950 0.543672 0.421185 0.019608
0 0.279950 0.583779 0.421185 0.019608
0 0.278689 0.286988 0.421185 0.019608
0 0.278689 0.306595 0.421185 0.019608
0 0.277427 0.326203 0.421185 0.019608
0 0.278689 0.345811 0.421185 0.019608
0 0.278689 0.366310 0.421185 0.019608
0 0.279950 0.386809 0.421185 0.019608
0 0.279950 0.407308 0.421185 0.019608
0 0.281211 0.428699 0.421185 0.019608
0 0.282472 0.447415 0.421185 0.019608
0 0.282472 0.467023 0.421185 0.019608
0 0.278689 0.604278 0.421185 0.019608
0 0.281211 0.643494 0.421185 0.019608
0 0.281211 0.622995 0.421185 0.019608
0 0.278689 0.663993 0.421185 0.019608
0 0.279950 0.683601 0.421185 0.019608
0 0.279950 0.704991 0.421185 0.019608
0 0.277427 0.725490 0.421185 0.019608
0 0.280580 0.523619 0.419924 0.020499
0 0.516393 0.164439 0.051702 0.020499
0 0.515132 0.184046 0.051702 0.020499
0 0.515132 0.204545 0.051702 0.020499
0 0.515132 0.225045 0.051702 0.020499
0 0.515763 0.266488 0.050441 0.019608
0 0.517024 0.543672 0.050441 0.019608
0 0.515763 0.524064 0.050441 0.019608
0 0.515763 0.286096 0.050441 0.019608
0 0.515763 0.306595 0.050441 0.019608
0 0.515763 0.325312 0.050441 0.019608
0 0.515763 0.346702 0.050441 0.019608
0 0.515763 0.367201 0.050441 0.019608
0 0.515763 0.385918 0.050441 0.019608
0 0.517024 0.407308 0.050441 0.019608
0 0.517024 0.426916 0.050441 0.019608
0 0.515763 0.448307 0.050441 0.019608
0 0.517024 0.467914 0.050441 0.019608
0 0.515763 0.604278 0.050441 0.019608
0 0.515763 0.623886 0.050441 0.019608
0 0.515763 0.644385 0.050441 0.019608
0 0.515763 0.664884 0.050441 0.019608
0 0.515763 0.685383 0.050441 0.019608
0 0.515763 0.704991 0.050441 0.019608
0 0.515763 0.724599 0.050441 0.019608
0 0.515763 0.584670 0.050441 0.019608
0 0.515763 0.563280 0.050441 0.019608
0 0.613493 0.164439 0.139975 0.020499
0 0.613493 0.266043 0.139975 0.020499
0 0.612232 0.184046 0.139975 0.020499
0 0.613493 0.205437 0.139975 0.020499
0 0.613493 0.225045 0.139975 0.020499
0 0.614124 0.286542 0.143758 0.020499
0 0.613493 0.347148 0.139975 0.020499
0 0.613493 0.366756 0.139975 0.020499
0 0.613493 0.386364 0.139975 0.020499
0 0.613493 0.407754 0.139975 0.020499
0 0.612232 0.428253 0.139975 0.020499
0 0.613493 0.448752 0.139975 0.020499
0 0.612232 0.467469 0.139975 0.020499
0 0.613493 0.543226 0.139975 0.020499
0 0.612232 0.523619 0.139975 0.020499
0 0.612232 0.306150 0.139975 0.020499
0 0.613493 0.325758 0.139975 0.020499
0 0.613493 0.584225 0.139975 0.020499
0 0.613493 0.602941 0.139975 0.020499
0 0.613493 0.623440 0.139975 0.020499
0 0.612232 0.644831 0.139975 0.020499
0 0.613493 0.664439 0.139975 0.020499
0 0.612232 0.684938 0.139975 0.020499
0 0.613493 0.705437 0.139975 0.020499
0 0.613493 0.725045 0.139975 0.020499
0 0.613493 0.563725 0.139975 0.020499
0 0.730769 0.163993 0.089533 0.021390
0 0.729508 0.185383 0.089533 0.021390
0 0.729508 0.204991 0.089533 0.021390
0 0.729508 0.224599 0.089533 0.021390
0 0.868852 0.164884 0.186633 0.023173
0 0.728247 0.263815 0.089533 0.021390
0 0.728247 0.286988 0.089533 0.021390
0 0.729508 0.306595 0.089533 0.021390
0 0.730769 0.523173 0.089533 0.021390
0 0.732030 0.325312 0.089533 0.021390
0 0.730769 0.346702 0.089533 0.021390
0 0.730769 0.366310 0.089533 0.021390
0 0.728247 0.386809 0.089533 0.021390
0 0.732030 0.407308 0.089533 0.021390
0 0.730769 0.427807 0.089533 0.021390
0 0.730769 0.448307 0.089533 0.021390
0 0.730769 0.467914 0.089533 0.021390
0 0.732030 0.563280 0.089533 0.021390
0 0.730769 0.582888 0.089533 0.021390
0 0.729508 0.604278 0.089533 0.021390
0 0.729508 0.624777 0.089533 0.021390
0 0.730769 0.644385 0.089533 0.021390
0 0.729508 0.665775 0.089533 0.021390
0 0.729508 0.685383 0.089533 0.021390
0 0.730769 0.705882 0.089533 0.021390
0 0.729508 0.724599 0.089533 0.021390
0 0.730769 0.542781 0.089533 0.021390
0 0.867591 0.185383 0.186633 0.023173
0 0.868852 0.204991 0.186633 0.023173
0 0.867591 0.224599 0.186633 0.023173
0 0.866330 0.264706 0.186633 0.021390
0 0.868852 0.346702 0.186633 0.021390
0 0.868852 0.346702 0.186633 0.021390
0 0.866330 0.367201 0.186633 0.021390
0 0.868852 0.387701 0.186633 0.021390
0 0.867591 0.407308 0.186633 0.021390
0 0.867591 0.426916 0.186633 0.021390
0 0.868852 0.447415 0.186633 0.021390
0 0.867591 0.467914 0.186633 0.021390
0 0.867591 0.285205 0.186633 0.021390
0 0.868852 0.305704 0.186633 0.021390
0 0.868852 0.326203 0.186633 0.021390
0 0.868222 0.523173 0.185372 0.019608
0 0.868222 0.584670 0.185372 0.019608
0 0.868222 0.603387 0.185372 0.019608
0 0.868222 0.624777 0.185372 0.019608
0 0.866961 0.645276 0.185372 0.019608
0 0.868222 0.665775 0.185372 0.019608
0 0.868222 0.685383 0.185372 0.019608
0 0.866961 0.705882 0.185372 0.019608
0 0.868222 0.725490 0.185372 0.019608
0 0.869483 0.544563 0.185372 0.019608
0 0.866961 0.563280 0.185372 0.019608
