0 0.202206 0.119318 0.321078 0.030303
0 0.549020 0.119792 0.362745 0.029356
0 0.197304 0.153409 0.323529 0.024621
0 0.199142 0.180871 0.329657 0.030303
0 0.196691 0.212595 0.329657 0.029356
0 0.199142 0.241477 0.329657 0.026515
0 0.552083 0.152936 0.373775 0.027462
0 0.549632 0.179924 0.373775 0.034091
0 0.547181 0.213068 0.376225 0.030303
0 0.548407 0.240530 0.373775 0.028409
0 0.797181 0.119318 0.121324 0.032197
0 0.803309 0.151042 0.128676 0.031250
0 0.797794 0.177557 0.129902 0.031250
0 0.802696 0.209754 0.129902 0.031250
0 0.801471 0.242898 0.122549 0.029356
0 0.913603 0.119792 0.094363 0.027462
0 0.915441 0.150095 0.093137 0.035038
0 0.913603 0.181818 0.094363 0.032197
0 0.912990 0.209280 0.093137 0.032197
0 0.916054 0.242424 0.096814 0.030303
0 0.138480 0.356061 0.191176 0.028409
0 0.137255 0.385417 0.193627 0.030303
0 0.297181 0.355114 0.128676 0.024621
0 0.296569 0.383996 0.132353 0.036932
0 0.426471 0.353693 0.125000 0.036932
0 0.427696 0.386837 0.122549 0.025568
0 0.555760 0.353220 0.126225 0.035985
0 0.556985 0.385890 0.126225 0.029356
0 0.681985 0.356534 0.128676 0.029356
0 0.681985 0.388258 0.126225 0.022727
0 0.850490 0.356061 0.218137 0.032197
0 0.856618 0.385417 0.215686 0.035985
1 0.079044 0.460701 0.025735 0.012311
1 0.276348 0.463068 0.023284 0.015152
1 0.077819 0.518939 0.018382 0.018939
1 0.274510 0.521780 0.014706 0.015152
1 0.532475 0.461648 0.018382 0.016098
1 0.853554 0.459754 0.020833 0.017992
1 0.529412 0.521780 0.022059 0.015152
1 0.854167 0.523674 0.022059 0.013258
1 0.076593 0.606061 0.020833 0.011364
1 0.525735 0.603693 0.024510 0.012311
1 0.078431 0.634470 0.017157 0.011364
1 0.256127 0.637311 0.017157 0.017045
1 0.077819 0.651989 0.015931 0.012311
1 0.254902 0.653883 0.019608 0.010417
1 0.078431 0.681818 0.022059 0.011364
1 0.530637 0.681818 0.017157 0.017045
1 0.079044 0.754261 0.018382 0.010417
1 0.531250 0.757576 0.018382 0.015152
1 0.284314 0.785985 0.019608 0.011364
1 0.284314 0.802557 0.022059 0.008523
0 0.728554 0.642519 0.449755 0.029356
0 0.623775 0.724905 0.213235 0.017992
0 0.832721 0.723958 0.177696 0.021780
0 0.601716 0.797822 0.164216 0.023674
0 0.829044 0.801136 0.160539 0.015152
