0 0.790668 0.100267 0.340479 0.020499
1 0.459016 0.131462 0.025221 0.016934
0 0.786885 0.143939 0.340479 0.020499
0 0.788146 0.119875 0.340479 0.020499
0 0.789407 0.162656 0.340479 0.020499
0 0.790668 0.183155 0.340479 0.020499
0 0.790668 0.205437 0.340479 0.020499
0 0.789407 0.222371 0.340479 0.020499
0 0.788146 0.245544 0.340479 0.020499
0 0.789407 0.261586 0.340479 0.020499
0 0.790668 0.282977 0.340479 0.020499
0 0.790668 0.303476 0.340479 0.020499
0 0.790668 0.324866 0.340479 0.020499
0 0.790668 0.345365 0.340479 0.020499
0 0.789407 0.364082 0.340479 0.020499
0 0.790668 0.645722 0.340479 0.022282
0 0.788146 0.382799 0.340479 0.020499
0 0.788146 0.403298 0.340479 0.020499
0 0.788146 0.422906 0.340479 0.020499
0 0.788146 0.442068 0.340479 0.019608
0 0.788146 0.462121 0.340479 0.020499
0 0.786885 0.482620 0.340479 0.020499
0 0.786885 0.502228 0.340479 0.020499
0 0.788146 0.524510 0.340479 0.020499
0 0.788146 0.543226 0.340479 0.020499
0 0.788146 0.564617 0.340479 0.020499
0 0.788146 0.586007 0.340479 0.020499
0 0.790668 0.606506 0.340479 0.020499
0 0.786885 0.623440 0.340479 0.020499
0 0.788146 0.668895 0.340479 0.022282
0 0.789407 0.689394 0.340479 0.022282
0 0.790668 0.730392 0.340479 0.022282
0 0.790668 0.749109 0.340479 0.022282
0 0.790668 0.848039 0.340479 0.022282
0 0.788146 0.769608 0.340479 0.022282
0 0.786885 0.788324 0.340479 0.022282
0 0.786885 0.808824 0.340479 0.022282
0 0.791929 0.829323 0.340479 0.022282
0 0.790668 0.872103 0.340479 0.022282
0 0.789407 0.891711 0.340479 0.022282
0 0.789407 0.907754 0.340479 0.022282
1 0.456494 0.223262 0.025221 0.016934
1 0.458386 0.258021 0.031526 0.020499
1 0.459647 0.307041 0.031526 0.020499
1 0.458386 0.354278 0.031526 0.020499
1 0.459647 0.405971 0.031526 0.020499
1 0.457125 0.454991 0.031526 0.020499
1 0.458386 0.494207 0.031526 0.020499
1 0.460908 0.526292 0.031526 0.020499
1 0.455864 0.561943 0.031526 0.020499
1 0.457125 0.590463 0.031526 0.020499
0 0.588272 0.102941 0.066835 0.024064
0 0.585750 0.121658 0.066835 0.024064
0 0.585750 0.143939 0.066835 0.024064
0 0.585750 0.161765 0.066835 0.024064
0 0.587011 0.184046 0.066835 0.024064
0 0.587011 0.204545 0.061791 0.020499
0 0.584489 0.223262 0.061791 0.020499
0 0.584489 0.242870 0.061791 0.020499
0 0.585750 0.284759 0.061791 0.020499
0 0.583228 0.259804 0.061791 0.020499
0 0.584489 0.302585 0.061791 0.020499
0 0.583228 0.323975 0.061791 0.020499
0 0.585750 0.342692 0.061791 0.020499
0 0.585750 0.364082 0.061791 0.020499
0 0.587011 0.385472 0.061791 0.020499
0 0.584489 0.403298 0.061791 0.020499
0 0.585750 0.424688 0.061791 0.020499
0 0.584489 0.443405 0.061791 0.020499
0 0.584489 0.466578 0.061791 0.020499
0 0.583228 0.504902 0.061791 0.020499
0 0.580706 0.484403 0.061791 0.020499
0 0.584489 0.526292 0.061791 0.020499
0 0.585750 0.546791 0.061791 0.020499
0 0.584489 0.566399 0.061791 0.020499
0 0.583228 0.605615 0.061791 0.020499
0 0.581967 0.564617 0.061791 0.020499
0 0.584489 0.626114 0.061791 0.020499
0 0.584489 0.646613 0.061791 0.020499
0 0.583228 0.909537 0.061791 0.020499
0 0.581967 0.667112 0.061791 0.020499
0 0.583228 0.687611 0.061791 0.020499
0 0.581967 0.705437 0.061791 0.020499
0 0.583228 0.725936 0.061791 0.020499
0 0.580706 0.746435 0.061791 0.020499
0 0.583228 0.766934 0.061791 0.020499
0 0.583228 0.787433 0.061791 0.020499
0 0.583228 0.807041 0.061791 0.020499
0 0.583228 0.825758 0.061791 0.020499
0 0.581967 0.849822 0.061791 0.020499
0 0.581967 0.868538 0.061791 0.020499
0 0.580706 0.885472 0.061791 0.020499
