0 0.247793 0.167558 0.356873 0.021390
0 0.250315 0.188057 0.356873 0.021390
0 0.249054 0.207665 0.356873 0.021390
0 0.249054 0.226381 0.356873 0.021390
0 0.247793 0.247772 0.356873 0.021390
0 0.249054 0.291444 0.356873 0.019608
0 0.247793 0.351159 0.356873 0.019608
0 0.249054 0.372549 0.356873 0.019608
0 0.249054 0.392157 0.356873 0.019608
0 0.251576 0.411765 0.356873 0.019608
0 0.250315 0.431373 0.356873 0.019608
0 0.249054 0.450089 0.356873 0.019608
0 0.249054 0.468806 0.356873 0.019608
0 0.250315 0.311943 0.356873 0.019608
0 0.249054 0.331551 0.356873 0.019608
0 0.453342 0.167558 0.054224 0.021390
0 0.454603 0.188057 0.054224 0.021390
0 0.453342 0.208556 0.054224 0.021390
0 0.454603 0.228164 0.054224 0.021390
0 0.452081 0.247772 0.054224 0.021390
0 0.454603 0.291444 0.054224 0.021390
0 0.453342 0.330660 0.054224 0.021390
0 0.452081 0.349376 0.054224 0.021390
0 0.452081 0.370766 0.054224 0.021390
0 0.453342 0.391266 0.054224 0.021390
0 0.453342 0.410873 0.054224 0.021390
0 0.453342 0.431373 0.054224 0.021390
0 0.453342 0.450089 0.054224 0.021390
0 0.454603 0.469697 0.054224 0.021390
0 0.454603 0.311052 0.054224 0.021390
0 0.552963 0.290553 0.142497 0.019608
0 0.554224 0.311052 0.142497 0.019608
0 0.550441 0.331551 0.142497 0.019608
0 0.551702 0.352050 0.142497 0.019608
0 0.551702 0.370766 0.142497 0.019608
0 0.550441 0.391266 0.142497 0.019608
0 0.550441 0.411765 0.142497 0.019608
0 0.551702 0.431373 0.142497 0.019608
0 0.552963 0.450089 0.142497 0.019608
0 0.551702 0.468806 0.142497 0.019608
0 0.551702 0.167558 0.142497 0.019608
0 0.552333 0.187611 0.141236 0.020499
0 0.551072 0.208111 0.141236 0.020499
0 0.552333 0.227718 0.141236 0.020499
0 0.551072 0.248217 0.141236 0.020499
0 0.668348 0.168004 0.090794 0.020499
0 0.668348 0.189394 0.090794 0.020499
0 0.668348 0.208111 0.090794 0.020499
0 0.667087 0.227718 0.090794 0.020499
0 0.668348 0.248217 0.090794 0.020499
0 0.669609 0.291444 0.090794 0.021390
0 0.667087 0.331551 0.090794 0.021390
0 0.668348 0.351159 0.090794 0.021390
0 0.667087 0.371658 0.090794 0.021390
0 0.669609 0.392157 0.090794 0.021390
0 0.669609 0.411765 0.090794 0.021390
0 0.669609 0.430481 0.090794 0.021390
0 0.668348 0.450980 0.090794 0.021390
0 0.669609 0.469697 0.090794 0.021390
0 0.668348 0.311943 0.090794 0.021390
0 0.775536 0.167558 0.126103 0.021390
0 0.776797 0.188057 0.126103 0.021390
0 0.775536 0.208556 0.126103 0.021390
0 0.775536 0.227273 0.126103 0.021390
0 0.775536 0.248663 0.126103 0.021390
0 0.776797 0.291444 0.123581 0.017825
0 0.776797 0.311052 0.123581 0.017825
0 0.775536 0.331551 0.123581 0.017825
0 0.775536 0.349376 0.123581 0.017825
0 0.775536 0.372549 0.123581 0.017825
0 0.776797 0.391266 0.123581 0.017825
0 0.775536 0.411765 0.123581 0.017825
0 0.778058 0.432264 0.123581 0.017825
0 0.775536 0.450980 0.123581 0.017825
0 0.776797 0.469697 0.123581 0.017825
1 0.877680 0.168004 0.022699 0.016934
1 0.877680 0.249109 0.022699 0.016934
1 0.945776 0.227718 0.022699 0.016934
1 0.877680 0.226827 0.022699 0.016934
1 0.944515 0.187611 0.022699 0.016934
1 0.944515 0.207219 0.022699 0.016934
1 0.876419 0.207219 0.022699 0.016934
1 0.876419 0.188503 0.022699 0.016934
1 0.945776 0.168004 0.022699 0.016934
1 0.945776 0.247772 0.020177 0.016043
1 0.877680 0.290553 0.027743 0.017825
1 0.945776 0.289661 0.027743 0.017825
1 0.877680 0.311052 0.027743 0.017825
1 0.877680 0.331551 0.027743 0.017825
1 0.876419 0.351159 0.027743 0.017825
1 0.876419 0.368984 0.027743 0.017825
1 0.877680 0.391266 0.027743 0.017825
1 0.876419 0.411765 0.027743 0.017825
1 0.877680 0.430481 0.027743 0.017825
1 0.873897 0.447415 0.027743 0.017825
1 0.877680 0.468806 0.027743 0.017825
1 0.944515 0.332442 0.027743 0.017825
1 0.945776 0.352050 0.027743 0.017825
1 0.945776 0.372549 0.027743 0.017825
1 0.945776 0.391266 0.027743 0.017825
1 0.947037 0.411765 0.027743 0.017825
1 0.945776 0.432264 0.027743 0.017825
1 0.947037 0.450089 0.027743 0.017825
1 0.944515 0.468806 0.027743 0.017825
1 0.943253 0.311052 0.027743 0.017825
1 0.110340 0.741979 0.021438 0.015152
1 0.109079 0.758021 0.021438 0.015152
0 0.276797 0.812834 0.412358 0.083779
