0 0.080660 0.290038 0.059715 0.088272
0 0.140374 0.290038 0.059715 0.088272
0 0.081551 0.374527 0.059715 0.088272
0 0.141266 0.377049 0.059715 0.088272
0 0.079768 0.460277 0.059715 0.088272
0 0.140374 0.461538 0.059715 0.088272
0 0.079768 0.548550 0.059715 0.088272
0 0.141266 0.547289 0.059715 0.088272
0 0.080660 0.634300 0.059715 0.088272
0 0.141266 0.633039 0.059715 0.088272
0 0.080660 0.718789 0.059715 0.088272
0 0.140374 0.721311 0.059715 0.088272
0 0.141266 0.804540 0.059715 0.088272
0 0.080660 0.807062 0.059715 0.088272
0 0.140374 0.889029 0.059715 0.088272
0 0.081551 0.890290 0.059715 0.088272
0 0.254902 0.319042 0.169340 0.027743
0 0.256684 0.547289 0.169340 0.027743
0 0.255793 0.576293 0.169340 0.027743
0 0.255793 0.605296 0.169340 0.027743
0 0.256684 0.633039 0.169340 0.027743
0 0.255793 0.663304 0.169340 0.027743
0 0.255793 0.692308 0.169340 0.027743
0 0.255793 0.718789 0.169340 0.027743
0 0.256684 0.747793 0.169340 0.027743
0 0.254011 0.775536 0.169340 0.027743
0 0.254902 0.807062 0.169340 0.027743
0 0.255793 0.834805 0.169340 0.027743
0 0.255793 0.862547 0.169340 0.027743
0 0.256684 0.891551 0.169340 0.027743
0 0.255793 0.919294 0.169340 0.027743
0 0.255793 0.345523 0.169340 0.027743
0 0.256684 0.377049 0.169340 0.027743
0 0.256684 0.464061 0.169340 0.027743
0 0.256684 0.406053 0.169340 0.027743
0 0.256684 0.432535 0.169340 0.027743
0 0.254902 0.490542 0.169340 0.027743
0 0.255793 0.519546 0.169340 0.027743
0 0.257576 0.290038 0.169340 0.027743
0 0.255793 0.261034 0.169340 0.027743
0 0.440731 0.263556 0.202317 0.030265
0 0.440731 0.548550 0.202317 0.030265
0 0.441622 0.575032 0.202317 0.030265
0 0.441622 0.604035 0.202317 0.030265
0 0.441622 0.634300 0.202317 0.030265
0 0.442513 0.663304 0.202317 0.030265
0 0.440731 0.691047 0.202317 0.030265
0 0.443405 0.718789 0.202317 0.030265
0 0.440731 0.749054 0.202317 0.030265
0 0.441622 0.776797 0.202317 0.030265
0 0.441622 0.804540 0.202317 0.030265
0 0.439840 0.834805 0.202317 0.030265
0 0.440731 0.861286 0.202317 0.030265
0 0.441622 0.890290 0.202317 0.030265
0 0.442513 0.920555 0.202317 0.030265
0 0.439840 0.320303 0.202317 0.030265
0 0.441622 0.346784 0.202317 0.030265
0 0.443405 0.375788 0.202317 0.030265
0 0.442513 0.403531 0.202317 0.030265
0 0.443405 0.435057 0.202317 0.030265
0 0.442513 0.461538 0.202317 0.030265
0 0.441622 0.490542 0.202317 0.030265
0 0.442513 0.520807 0.202317 0.030265
0 0.440731 0.291299 0.202317 0.030265
0 0.746435 0.262295 0.218360 0.027743
0 0.745544 0.520807 0.218360 0.027743
0 0.744652 0.548550 0.218360 0.027743
0 0.746435 0.577554 0.218360 0.027743
0 0.746435 0.606557 0.218360 0.027743
0 0.746435 0.634300 0.218360 0.027743
0 0.746435 0.662043 0.218360 0.027743
0 0.744652 0.691047 0.218360 0.027743
0 0.746435 0.720050 0.218360 0.027743
0 0.744652 0.747793 0.218360 0.027743
0 0.745544 0.776797 0.218360 0.027743
0 0.746435 0.805801 0.218360 0.027743
0 0.746435 0.833544 0.218360 0.027743
0 0.746435 0.862547 0.218360 0.027743
0 0.745544 0.890290 0.218360 0.027743
0 0.746435 0.919294 0.218360 0.027743
0 0.747326 0.293821 0.218360 0.027743
0 0.746435 0.319042 0.218360 0.027743
0 0.746435 0.349306 0.218360 0.027743
0 0.744652 0.403531 0.218360 0.027743
0 0.743761 0.432535 0.218360 0.027743
0 0.745544 0.375788 0.218360 0.027743
0 0.746435 0.461538 0.218360 0.027743
0 0.745544 0.489281 0.218360 0.027743
0 0.913993 0.291929 0.116756 0.087011
0 0.915775 0.376419 0.116756 0.087011
0 0.915775 0.463430 0.116756 0.087011
0 0.913102 0.547919 0.116756 0.087011
0 0.914884 0.633670 0.116756 0.087011
0 0.913993 0.720681 0.116756 0.087011
0 0.913993 0.805170 0.116756 0.087011
0 0.913993 0.888398 0.116756 0.087011
1 0.626560 0.263556 0.014260 0.020177
1 0.626560 0.491803 0.014260 0.020177
1 0.626560 0.462799 0.014260 0.020177
1 0.626560 0.433796 0.014260 0.020177
1 0.626560 0.406053 0.014260 0.020177
1 0.626560 0.377049 0.014260 0.020177
1 0.626560 0.348045 0.014260 0.020177
1 0.626560 0.320303 0.014260 0.020177
1 0.626560 0.291299 0.014260 0.020177
1 0.627005 0.520177 0.013369 0.021438
1 0.627897 0.549180 0.013369 0.018916
1 0.627005 0.576923 0.013369 0.021438
1 0.627897 0.606557 0.013369 0.017654
1 0.627005 0.635561 0.011586 0.017654
1 0.627005 0.662673 0.013369 0.021438
1 0.627451 0.691677 0.014260 0.021438
1 0.627451 0.720681 0.014260 0.018916
1 0.627005 0.749054 0.013369 0.020177
1 0.627451 0.776797 0.014260 0.020177
1 0.627897 0.806431 0.013369 0.018916
1 0.627897 0.834174 0.013369 0.018916
1 0.627005 0.863178 0.013369 0.018916
1 0.627451 0.892182 0.012478 0.018916
1 0.627897 0.920555 0.013369 0.017654
