1 0.266078 0.737522 0.025221 0.015152
1 0.470366 0.737522 0.025221 0.015152
1 0.266078 0.753565 0.025221 0.015152
1 0.266078 0.772282 0.025221 0.015152
1 0.264817 0.788324 0.025221 0.015152
1 0.266078 0.807041 0.025221 0.015152
1 0.471627 0.755348 0.025221 0.015152
1 0.470366 0.771390 0.025221 0.015152
1 0.471627 0.789216 0.025221 0.015152
1 0.470366 0.805258 0.025221 0.015152
0 0.322825 0.886809 0.143758 0.021390
0 0.321564 0.912656 0.143758 0.021390
0 0.158890 0.079323 0.098361 0.019608
0 0.158890 0.099822 0.098361 0.019608
0 0.158890 0.119430 0.098361 0.019608
0 0.158890 0.139929 0.098361 0.019608
0 0.158890 0.160428 0.098361 0.019608
0 0.157629 0.180036 0.098361 0.019608
0 0.157629 0.200535 0.098361 0.019608
0 0.157629 0.221034 0.098361 0.019608
0 0.157629 0.239750 0.098361 0.019608
0 0.157629 0.261141 0.098361 0.019608
0 0.378941 0.079768 0.344262 0.020499
0 0.380202 0.119875 0.344262 0.020499
0 0.378941 0.139483 0.344262 0.020499
0 0.377680 0.159091 0.344262 0.020499
0 0.378941 0.179590 0.344262 0.020499
0 0.378941 0.200980 0.344262 0.020499
0 0.380202 0.220588 0.344262 0.020499
0 0.380202 0.240196 0.344262 0.020499
0 0.380202 0.260695 0.344262 0.020499
0 0.381463 0.100267 0.344262 0.020499
0 0.676545 0.079768 0.248424 0.020499
0 0.676545 0.141266 0.248424 0.020499
0 0.675284 0.160873 0.248424 0.020499
0 0.675284 0.179590 0.248424 0.020499
0 0.675284 0.200089 0.248424 0.020499
0 0.676545 0.220588 0.248424 0.020499
0 0.675284 0.239305 0.248424 0.020499
0 0.676545 0.261586 0.248424 0.020499
0 0.674023 0.100267 0.248424 0.020499
0 0.677806 0.118984 0.248424 0.020499
0 0.880832 0.079323 0.162673 0.021390
0 0.880832 0.139037 0.162673 0.021390
0 0.883354 0.159537 0.162673 0.021390
0 0.880832 0.180036 0.162673 0.021390
0 0.879571 0.200535 0.162673 0.021390
0 0.880832 0.220143 0.162673 0.021390
0 0.880832 0.240642 0.162673 0.021390
0 0.880832 0.261141 0.162673 0.021390
0 0.880832 0.098930 0.162673 0.021390
0 0.880832 0.118538 0.162673 0.021390
0 0.158890 0.359626 0.100883 0.020499
0 0.158890 0.419340 0.100883 0.020499
0 0.156368 0.439840 0.100883 0.020499
0 0.158890 0.460339 0.100883 0.020499
0 0.157629 0.481729 0.100883 0.020499
0 0.157629 0.501337 0.100883 0.020499
0 0.158890 0.521836 0.100883 0.020499
0 0.158890 0.540553 0.100883 0.020499
0 0.157629 0.561943 0.100883 0.020499
0 0.157629 0.582442 0.100883 0.020499
0 0.158890 0.602941 0.100883 0.020499
0 0.160151 0.622549 0.100883 0.020499
0 0.158890 0.643048 0.100883 0.020499
0 0.157629 0.662656 0.100883 0.020499
0 0.160151 0.380125 0.100883 0.020499
0 0.157629 0.398841 0.100883 0.020499
0 0.380832 0.360071 0.343001 0.021390
0 0.757251 0.360071 0.409836 0.021390
0 0.380832 0.380570 0.343001 0.021390
0 0.382093 0.400178 0.343001 0.021390
0 0.380832 0.419786 0.343001 0.021390
0 0.382093 0.441176 0.343001 0.021390
0 0.380832 0.460784 0.343001 0.021390
0 0.379571 0.481283 0.343001 0.021390
0 0.380832 0.500891 0.343001 0.021390
0 0.379571 0.521390 0.343001 0.021390
0 0.379571 0.542781 0.343001 0.021390
0 0.382093 0.562389 0.343001 0.021390
0 0.379571 0.580214 0.343001 0.021390
0 0.383354 0.601604 0.343001 0.021390
0 0.380832 0.621212 0.343001 0.021390
0 0.379571 0.641711 0.343001 0.021390
0 0.379571 0.662210 0.343001 0.021390
0 0.754729 0.379679 0.409836 0.021390
0 0.754729 0.399287 0.409836 0.021390
0 0.755990 0.440285 0.409836 0.021390
0 0.755990 0.419786 0.409836 0.021390
0 0.757251 0.461676 0.409836 0.021390
0 0.754729 0.481283 0.409836 0.021390
0 0.757251 0.500891 0.409836 0.021390
0 0.757251 0.521390 0.409836 0.021390
0 0.757251 0.541889 0.409836 0.021390
0 0.755990 0.562389 0.409836 0.021390
0 0.757251 0.581996 0.409836 0.021390
0 0.755990 0.601604 0.409836 0.021390
0 0.755990 0.622995 0.409836 0.021390
0 0.755990 0.640820 0.409836 0.021390
0 0.759773 0.662210 0.409836 0.021390
