0 0.313725 0.156250 0.416667 0.030303
0 0.313725 0.187973 0.414216 0.025568
0 0.313113 0.218750 0.415441 0.030303
0 0.314338 0.250000 0.410539 0.028409
0 0.772059 0.156723 0.382353 0.027462
0 0.768995 0.186553 0.378676 0.028409
0 0.770833 0.217330 0.377451 0.025568
0 0.246936 0.523674 0.410539 0.030303
0 0.246936 0.553504 0.410539 0.029356
0 0.246324 0.580966 0.414216 0.027462
0 0.245098 0.610795 0.416667 0.032197
0 0.247549 0.642519 0.409314 0.029356
0 0.245711 0.672822 0.415441 0.031250
0 0.505515 0.520833 0.109069 0.026515
0 0.506740 0.551136 0.109069 0.030303
0 0.505515 0.580019 0.111520 0.031250
0 0.503064 0.611269 0.111520 0.033144
0 0.504289 0.642045 0.104167 0.032197
0 0.506740 0.668561 0.106618 0.030303
0 0.613358 0.520833 0.101716 0.024621
0 0.612132 0.550663 0.106618 0.033144
0 0.611520 0.581913 0.102941 0.027462
0 0.612132 0.612689 0.104167 0.035985
0 0.611520 0.642519 0.107843 0.033144
0 0.609681 0.673769 0.106618 0.025568
0 0.710172 0.519413 0.084559 0.027462
0 0.707108 0.550663 0.095588 0.029356
0 0.708946 0.580492 0.094363 0.030303
0 0.710172 0.610795 0.084559 0.028409
0 0.708333 0.643939 0.085784 0.028409
0 0.708946 0.670455 0.089461 0.026515
0 0.802696 0.519886 0.100490 0.032197
0 0.806985 0.550189 0.099265 0.028409
0 0.806373 0.583333 0.098039 0.030303
0 0.803922 0.610322 0.095588 0.029356
0 0.802083 0.639678 0.094363 0.027462
0 0.805760 0.671402 0.094363 0.032197
0 0.899510 0.521307 0.093137 0.027462
0 0.905025 0.553977 0.091912 0.028409
0 0.904412 0.580492 0.088235 0.024621
0 0.905637 0.611269 0.093137 0.031250
0 0.901961 0.642519 0.093137 0.033144
0 0.902574 0.670455 0.101716 0.032197
