1 0.111520 0.104167 0.026961 0.015152
1 0.112132 0.131629 0.023284 0.018939
1 0.820466 0.168087 0.020833 0.012311
1 0.898284 0.166193 0.024510 0.016098
1 0.821078 0.236742 0.024510 0.017045
1 0.892770 0.233428 0.015931 0.014205
1 0.816789 0.573864 0.015931 0.013258
1 0.893382 0.574811 0.017157 0.017045
0 0.871324 0.208333 0.142157 0.028409
0 0.522672 0.343277 0.844363 0.023674
0 0.483456 0.410511 0.131127 0.021780
0 0.482230 0.445549 0.140931 0.027462
0 0.610907 0.495739 0.665441 0.025568
0 0.215074 0.704545 0.234069 0.026515
0 0.219363 0.733902 0.235294 0.037879
0 0.216912 0.767519 0.237745 0.029356
0 0.215686 0.795455 0.232843 0.030303
0 0.215686 0.830966 0.237745 0.033144
0 0.390931 0.701231 0.120098 0.033144
0 0.392157 0.733902 0.115196 0.030303
0 0.393382 0.767045 0.117647 0.032197
0 0.388480 0.795928 0.122549 0.031250
0 0.392157 0.828125 0.122549 0.042614
0 0.523284 0.705019 0.149510 0.033144
0 0.524510 0.733428 0.147059 0.033144
0 0.526961 0.768466 0.144608 0.031250
0 0.525123 0.798295 0.150735 0.030303
0 0.526348 0.830966 0.145833 0.036932
0 0.675858 0.706439 0.150735 0.034091
0 0.674632 0.734848 0.145833 0.032197
0 0.672794 0.767045 0.144608 0.034091
0 0.673407 0.829545 0.143382 0.041667
0 0.848652 0.705492 0.192402 0.032197
0 0.847426 0.736269 0.192402 0.027462
0 0.841299 0.763731 0.187500 0.038826
0 0.843750 0.802083 0.199755 0.032197
0 0.846814 0.832386 0.186275 0.037879
1 0.110907 0.412405 0.013480 0.008523
1 0.111520 0.441761 0.017157 0.014205
1 0.112745 0.498106 0.014706 0.007576
