0 0.275536 0.172906 0.412358 0.042781
0 0.310845 0.242424 0.114754 0.023173
0 0.310845 0.271836 0.114754 0.023173
0 0.310845 0.301248 0.114754 0.023173
0 0.310845 0.330660 0.114754 0.023173
0 0.159521 0.412656 0.102144 0.021390
0 0.158260 0.452763 0.102144 0.021390
0 0.159521 0.472371 0.102144 0.021390
0 0.158260 0.493761 0.102144 0.021390
0 0.159521 0.513369 0.102144 0.021390
0 0.159521 0.533868 0.102144 0.021390
0 0.159521 0.553476 0.102144 0.021390
0 0.159521 0.573975 0.102144 0.021390
0 0.159521 0.593583 0.102144 0.021390
0 0.159521 0.433155 0.102144 0.021390
0 0.380202 0.413102 0.344262 0.022282
0 0.382724 0.453209 0.344262 0.022282
0 0.378941 0.472816 0.344262 0.022282
0 0.380202 0.493316 0.344262 0.022282
0 0.381463 0.514706 0.344262 0.022282
0 0.380202 0.533422 0.344262 0.022282
0 0.380202 0.553922 0.344262 0.022282
0 0.380202 0.572638 0.344262 0.022282
0 0.381463 0.594920 0.344262 0.022282
0 0.381463 0.432709 0.344262 0.022282
0 0.676545 0.412210 0.248424 0.020499
0 0.675284 0.452317 0.248424 0.020499
0 0.675284 0.473708 0.248424 0.020499
0 0.675284 0.493316 0.248424 0.020499
0 0.675284 0.513815 0.248424 0.020499
0 0.676545 0.532531 0.248424 0.020499
0 0.676545 0.553030 0.248424 0.020499
0 0.676545 0.572638 0.248424 0.020499
0 0.676545 0.594029 0.248424 0.020499
0 0.675284 0.432709 0.248424 0.020499
0 0.881463 0.413102 0.161412 0.018717
0 0.881463 0.452317 0.161412 0.018717
0 0.880202 0.471925 0.161412 0.018717
0 0.878941 0.492424 0.161412 0.018717
0 0.881463 0.513815 0.161412 0.018717
0 0.881463 0.534314 0.161412 0.018717
0 0.880202 0.553030 0.161412 0.018717
0 0.881463 0.574421 0.161412 0.018717
0 0.881463 0.594029 0.161412 0.018717
0 0.881463 0.432709 0.161412 0.018717
0 0.159521 0.693850 0.102144 0.022282
0 0.158260 0.773173 0.102144 0.022282
0 0.159521 0.794563 0.102144 0.022282
0 0.159521 0.814171 0.102144 0.022282
0 0.159521 0.833779 0.102144 0.022282
0 0.158260 0.855169 0.102144 0.022282
0 0.158260 0.873886 0.102144 0.022282
0 0.159521 0.894385 0.102144 0.022282
0 0.158260 0.915775 0.102144 0.022282
0 0.159521 0.934492 0.102144 0.022282
0 0.158260 0.955882 0.102144 0.022282
0 0.159521 0.713458 0.102144 0.022282
0 0.159521 0.733957 0.102144 0.022282
0 0.158260 0.752674 0.102144 0.022282
0 0.381463 0.694296 0.344262 0.019608
0 0.378941 0.732620 0.344262 0.019608
0 0.377680 0.754011 0.344262 0.019608
0 0.380202 0.773619 0.344262 0.019608
0 0.380202 0.794118 0.344262 0.019608
0 0.381463 0.813725 0.344262 0.019608
0 0.378941 0.833333 0.344262 0.019608
0 0.381463 0.854724 0.344262 0.019608
0 0.381463 0.874332 0.344262 0.019608
0 0.380202 0.894831 0.344262 0.019608
0 0.378941 0.915330 0.344262 0.019608
0 0.380202 0.935829 0.344262 0.019608
0 0.378941 0.955437 0.344262 0.019608
0 0.380202 0.713904 0.344262 0.019608
0 0.757251 0.693850 0.409836 0.022282
0 0.755990 0.754456 0.409836 0.022282
0 0.755990 0.774955 0.409836 0.022282
0 0.758512 0.793672 0.409836 0.022282
0 0.755990 0.813280 0.409836 0.022282
0 0.755990 0.832888 0.409836 0.022282
0 0.758512 0.853387 0.409836 0.022282
0 0.758512 0.874777 0.409836 0.022282
0 0.757251 0.895276 0.409836 0.022282
0 0.754729 0.916667 0.409836 0.022282
0 0.755990 0.935383 0.409836 0.022282
0 0.757251 0.954991 0.409836 0.022282
0 0.754729 0.713458 0.409836 0.022282
0 0.754729 0.733957 0.409836 0.022282
