0 0.166667 0.177083 0.213235 0.024621
0 0.354167 0.178030 0.151961 0.015152
0 0.529412 0.177083 0.196078 0.020833
0 0.697304 0.178504 0.137255 0.021780
0 0.814338 0.177083 0.094363 0.018939
0 0.905637 0.178504 0.073529 0.021780
0 0.164216 0.198864 0.213235 0.024621
0 0.352941 0.200758 0.151961 0.022727
0 0.531863 0.200758 0.196078 0.020833
0 0.699755 0.199811 0.137255 0.020833
0 0.811887 0.200758 0.094363 0.018939
0 0.901961 0.177083 0.075980 0.030303
0 0.900735 0.199811 0.073529 0.024621
0 0.164216 0.297348 0.215686 0.018939
0 0.163603 0.321023 0.212010 0.018939
0 0.165441 0.345170 0.218137 0.023674
0 0.166667 0.366951 0.215686 0.021780
0 0.164216 0.387311 0.215686 0.020833
0 0.349265 0.297348 0.156863 0.026515
0 0.351716 0.321496 0.156863 0.023674
0 0.352941 0.344223 0.161765 0.016098
0 0.355392 0.367898 0.156863 0.016098
0 0.354167 0.389205 0.154412 0.020833
0 0.529412 0.297348 0.198529 0.020833
0 0.526961 0.324811 0.196078 0.022727
0 0.531863 0.344223 0.198529 0.017992
0 0.530637 0.365530 0.196078 0.018939
0 0.531863 0.390152 0.198529 0.018939
0 0.696078 0.300189 0.134804 0.020833
0 0.697304 0.323864 0.134804 0.024621
0 0.694853 0.346117 0.144608 0.019886
0 0.699755 0.367424 0.137255 0.018939
0 0.697304 0.389205 0.137255 0.018939
0 0.813113 0.297348 0.096814 0.017045
0 0.814951 0.322917 0.100490 0.020833
0 0.814951 0.346117 0.098039 0.021780
0 0.813113 0.366951 0.091912 0.017992
0 0.814338 0.387311 0.094363 0.022727
0 0.902574 0.296402 0.074755 0.024621
0 0.901961 0.320549 0.080882 0.025568
0 0.900735 0.343277 0.080882 0.023674
0 0.900735 0.366004 0.078431 0.019886
0 0.900735 0.388258 0.085784 0.017045
0 0.191789 0.486742 0.268382 0.026515
0 0.190564 0.513258 0.268382 0.026515
0 0.190564 0.533617 0.263480 0.019886
0 0.189951 0.554924 0.264706 0.024621
0 0.425858 0.483902 0.202206 0.020833
0 0.425858 0.509470 0.204657 0.024621
0 0.427083 0.532670 0.197304 0.019886
0 0.425858 0.555398 0.204657 0.025568
0 0.645221 0.486742 0.236520 0.022727
0 0.649510 0.508523 0.232843 0.022727
0 0.649510 0.531723 0.240196 0.016098
0 0.644608 0.552557 0.237745 0.029356
0 0.813113 0.487216 0.101716 0.027462
0 0.813113 0.511364 0.101716 0.020833
0 0.816789 0.530777 0.091912 0.019886
0 0.816789 0.553977 0.104167 0.022727
0 0.900735 0.488636 0.080882 0.026515
0 0.902574 0.511364 0.079657 0.024621
0 0.900735 0.532670 0.080882 0.025568
0 0.903186 0.555398 0.078431 0.021780
0 0.283088 0.653883 0.448529 0.025568
0 0.284314 0.678504 0.448529 0.019886
0 0.281863 0.698864 0.455882 0.022727
0 0.637868 0.653883 0.253676 0.023674
0 0.637255 0.677083 0.252451 0.018939
0 0.637255 0.697443 0.250000 0.029356
0 0.812500 0.655777 0.098039 0.023674
0 0.815564 0.675189 0.094363 0.017045
0 0.814338 0.698864 0.096814 0.024621
0 0.905025 0.654830 0.079657 0.023674
0 0.903186 0.678030 0.080882 0.015152
0 0.901961 0.697443 0.080882 0.023674
0 0.483456 0.793561 0.314951 0.018939
0 0.485907 0.812973 0.319853 0.019886
0 0.486520 0.835701 0.323529 0.017992
0 0.489583 0.857008 0.324755 0.022727
0 0.488358 0.883049 0.327206 0.021780
0 0.484069 0.906723 0.316176 0.016098
1 0.662377 0.792614 0.018382 0.015152
1 0.662990 0.814867 0.019608 0.016098
1 0.659926 0.837595 0.020833 0.016098
1 0.659926 0.861269 0.015931 0.012311
1 0.663603 0.883996 0.013480 0.012311
1 0.664216 0.905303 0.012255 0.015152
