0 0.205882 0.205019 0.294118 0.021780
0 0.207108 0.231061 0.294118 0.020833
0 0.208333 0.254261 0.299020 0.021780
0 0.206495 0.276989 0.295343 0.025568
0 0.457721 0.206439 0.212010 0.026515
0 0.461397 0.229640 0.214461 0.025568
0 0.458946 0.255682 0.209559 0.022727
0 0.461397 0.276989 0.212010 0.025568
0 0.626838 0.206913 0.126225 0.019886
0 0.626838 0.232008 0.121324 0.026515
0 0.625000 0.254261 0.122549 0.027462
0 0.626838 0.277936 0.123775 0.019886
0 0.747549 0.206439 0.115196 0.024621
0 0.750000 0.230114 0.117647 0.022727
0 0.750000 0.254735 0.120098 0.020833
0 0.748775 0.278409 0.117647 0.020833
0 0.513480 0.605587 0.855392 0.019886
0 0.207108 0.647727 0.134804 0.018939
0 0.401348 0.645833 0.133578 0.018939
0 0.731005 0.647254 0.427696 0.023674
0 0.367034 0.709280 0.555147 0.018939
0 0.847426 0.708333 0.185049 0.024621
0 0.365809 0.756155 0.557598 0.021780
0 0.849877 0.751894 0.187500 0.020833
1 0.833946 0.207860 0.015931 0.014205
1 0.832721 0.231061 0.020833 0.011364
1 0.834559 0.252841 0.017157 0.011364
1 0.833333 0.279356 0.017157 0.013258
1 0.890931 0.206439 0.017157 0.013258
1 0.888480 0.231061 0.014706 0.015152
1 0.889706 0.253788 0.012255 0.007576
1 0.891544 0.277462 0.015931 0.011364
1 0.672794 0.707860 0.014706 0.017992
1 0.702206 0.707860 0.019608 0.016098
1 0.731618 0.706913 0.012255 0.012311
0 0.703431 0.753314 0.088235 0.027462
